SoftwareTimeStamp LeapTimeStamp  FrameID  HandDirection:X HandDirection:Y HandDirection:Z  PalmNorm:X PalmNorm:Y PalmNorm:Z  PalmPos:X PalmPos:Y PalmPos:Z  PalmVel:X PalmVel:Y PalmVel:Z Confidence
13070933439339  2538245643  46188  0.725368 0.405168 -0.556489 0.287696 -0.912874 -0.289641 -76.6691 173.891 9.07059 0.378947 0.710972 0.521605 0.977876
13070933439342  2538257654  46189  0.725372 0.405522 -0.556225 0.28817 -0.912727 -0.289632 -76.6602 173.898 9.08158 0.505611 0.665683 0.658891 0.977824
13070933439352  2538269579  46190  0.725382 0.405804 -0.556007 0.288531 -0.912609 -0.289646 -76.6585 173.898 9.08738 0.377963 0.439262 0.599013 0.977841
13070933439366  2538281634  46191  0.725391 0.406068 -0.555802 0.28887 -0.912498 -0.289659 -76.657 173.899 9.09283 0.290447 0.289696 0.547622 0.977888
13070933439376  2538293521  46192  0.725428 0.406389 -0.55552 0.289265 -0.91236 -0.289697 -76.6603 173.9 9.1009 0.0925399 0.236758 0.593076 0.977963
13070933439393  2538305527  46193  0.72546 0.406839 -0.555149 0.289777 -0.912165 -0.289801 -76.6686 173.901 9.1114 -0.179627 0.171896 0.69103 0.977695
13070933439401  2538317502  46194  0.725516 0.407433 -0.554639 0.290396 -0.911901 -0.290011 -76.686 173.907 9.12818 -0.621902 0.305398 0.937848 0.977705
13070933439412  2538329429  46195  0.72558 0.408019 -0.554125 0.290998 -0.91164 -0.290229 -76.7045 173.916 9.14585 -0.945194 0.44064 1.12629 0.977918
13070933439427  2538341431  46196  0.725699 0.408689 -0.553475 0.291671 -0.911336 -0.290506 -76.734 173.937 9.17226 -1.47061 0.893144 1.50044 0.977958
13070933439437  2538353418  46197  0.725805 0.409297 -0.552886 0.292281 -0.911061 -0.290756 -76.7607 173.956 9.19618 -1.73299 1.13124 1.67254 0.978083
13070933439450  2538365560  46198  0.72595 0.409928 -0.552227 0.292885 -0.910771 -0.291059 -76.7907 173.98 9.22425 -1.99295 1.43722 1.89732 0.978348
13070933439460  2538377460  46199  0.726092 0.41049 -0.551624 0.293411 -0.91051 -0.291343 -76.8176 174.002 9.25139 -2.08542 1.5897 2.02997 0.978762
13070933439477  2538389500  46200  0.726233 0.41103 -0.551035 0.293913 -0.910259 -0.291622 -76.8441 174.027 9.28045 -2.12542 1.74317 2.16397 0.978993
13070933439484  2538401419  46201  0.726372 0.411588 -0.550436 0.294452 -0.910001 -0.291885 -76.8701 174.06 9.31645 -2.14591 2.09607 2.46039 0.979492
13070933439505  2538413394  46202  0.726509 0.41214 -0.549841 0.295022 -0.909748 -0.292098 -76.8928 174.091 9.36199 -2.05786 2.2907 2.92701 0.97986
13070933439509  2538425401  46203  0.726597 0.412692 -0.54931 0.295553 -0.909493 -0.292353 -76.9099 174.111 9.40582 -1.83749 2.06626 3.17909 0.980499
13070933439520  2538437459  46204  0.726691 0.413257 -0.548761 0.296223 -0.909242 -0.292456 -76.924 174.119 9.45421 -1.60299 1.56201 3.47074 0.981345
13070933439533  2538449374  46205  0.72676 0.413826 -0.54824 0.296852 -0.908987 -0.292613 -76.9364 174.122 9.4967 -1.41066 1.13137 3.50364 0.981976
13070933439544  2538461352  46206  0.726871 0.414383 -0.547672 0.297472 -0.908734 -0.292767 -76.9489 174.124 9.54726 -1.28321 0.788517 3.75308 0.959071
13070933439568  2538485248  46207  0.727216 0.414587 -0.54706 0.29823 -0.908671 -0.292191 -76.9665 174.182 9.64392 -0.969026 1.72433 3.92057 0.950459
13070933439583  2538497211  46208  0.727431 0.414597 -0.546767 0.29858 -0.908685 -0.291791 -76.9742 174.217 9.69211 -0.85535 2.13315 3.95786 0.949186
13070933439592  2538509162  46209  0.727502 0.414834 -0.546492 0.299122 -0.908598 -0.291505 -76.9556 174.236 9.73471 -0.0173934 1.96751 3.82139 0.954162
13070933439610  2538521141  46210  0.727507 0.415191 -0.546214 0.29969 -0.908452 -0.291378 -76.9297 174.245 9.7681 0.739056 1.53733 3.462 0.958978
13070933439617  2538533142  46211  0.727491 0.415592 -0.545931 0.300234 -0.908281 -0.291349 -76.9068 174.247 9.79184 1.14671 1.05905 2.94517 0.963031
13070933439638  2538545095  46212  0.72748 0.415896 -0.545714 0.300694 -0.908155 -0.291269 -76.8878 174.257 9.81645 1.29859 0.970292 2.63757 0.964714
13070933439641  2538557129  46213  0.727445 0.416242 -0.545496 0.30117 -0.908009 -0.291233 -76.8672 174.264 9.84255 1.44515 0.84196 2.47388 0.967074
13070933439652  2538569048  46214  0.727367 0.416658 -0.545283 0.301656 -0.907827 -0.291296 -76.8453 174.266 9.86779 1.58088 0.603351 2.35071 0.969439
13070933439665  2538581159  46215  0.727271 0.417121 -0.545057 0.302172 -0.907623 -0.291397 -76.8242 174.265 9.89301 1.63769 0.377489 2.25659 0.971501
13070933439676  2538593058  46216  0.72716 0.417591 -0.544845 0.302666 -0.907414 -0.291536 -76.8041 174.262 9.91575 1.65497 0.15516 2.13707 0.973394
13070933439690  2538605004  46217  0.727015 0.418113 -0.544638 0.303167 -0.907179 -0.291747 -76.7841 174.255 9.93945 1.6617 -0.103104 2.08393 0.975151
13070933439700  2538616945  46218  0.726802 0.418766 -0.54442 0.303748 -0.906882 -0.292066 -76.7615 174.24 9.96632 1.74203 -0.503803 2.14155 0.976905
13070933439718  2538628925  46219  0.726534 0.419529 -0.544191 0.304385 -0.906532 -0.29249 -76.7373 174.218 9.99555 1.83674 -0.979075 2.24533 0.978536
13070933439724  2538640950  46220  0.726248 0.420304 -0.543974 0.305014 -0.906174 -0.292942 -76.7148 174.195 10.0244 1.85076 -1.30912 2.29883 0.979906
13070933439747  2538652860  46221  0.725995 0.420989 -0.543783 0.305569 -0.905858 -0.293342 -76.6948 174.174 10.0499 1.78911 -1.44988 2.24304 0.980911
13070933439749  2538664851  46222  0.725768 0.421602 -0.543611 0.306066 -0.905574 -0.293699 -76.677 174.156 10.0727 1.68482 -1.47702 2.12488 0.981903
13070933439760  2538676787  46223  0.725545 0.422199 -0.543445 0.306539 -0.905296 -0.294064 -76.6617 174.138 10.0943 1.54525 -1.47613 2.01573 0.9828
13070933439775  2538688830  46224  0.725462 0.422456 -0.543356 0.30682 -0.905181 -0.294124 -76.658 174.142 10.109 1.11242 -0.863875 1.73825 0.978195
13070933439784  2538700738  46225  0.725403 0.4227 -0.543246 0.307057 -0.90507 -0.294218 -76.6551 174.141 10.1185 0.812808 -0.583861 1.41306 0.97995
13070933439803  2538712898  46226  0.725397 0.422872 -0.543119 0.30726 -0.904992 -0.294246 -76.6579 174.147 10.1294 0.44558 -0.207338 1.23152 0.950851
13070933439829  2538736816  46227  0.725386 0.423091 -0.542963 0.307462 -0.904889 -0.29435 -76.659 174.148 10.1375 0.163938 -0.0670053 0.718293 0.960715
13070933439833  2538748807  46228  0.725401 0.423201 -0.542858 0.307568 -0.904837 -0.2944 -76.6619 174.151 10.1436 0.0219583 0.0470089 0.646736 0.960603
13070933439854  2538760781  46229  0.725467 0.423354 -0.542651 0.307738 -0.904764 -0.294446 -76.6706 174.162 10.1575 -0.239406 0.347786 0.823918 0.960665
13070933439857  2538772752  46230  0.725529 0.423498 -0.542455 0.307899 -0.904695 -0.29449 -76.6789 174.172 10.1706 -0.396467 0.527202 0.918226 0.96075
13070933439868  2538784670  46231  0.725651 0.423607 -0.542206 0.308057 -0.904644 -0.294484 -76.6918 174.19 10.1883 -0.635478 0.875191 1.11478 0.960765
13070933439882  2538796692  46232  0.725837 0.42365 -0.541923 0.308213 -0.904624 -0.29438 -76.707 174.217 10.2079 -0.852687 1.3403 1.29546 0.954894
13070933439893  2538808747  46233  0.726234 0.423494 -0.541514 0.308406 -0.904707 -0.293923 -76.7284 174.275 10.2314 -1.17463 2.55062 1.52364 0.950109
13070933439906  2538820691  46234  0.726709 0.42333 -0.541004 0.30856 -0.904788 -0.29351 -76.7506 174.328 10.2599 -1.41396 3.20304 1.82346 0.951368
13070933439916  2538832577  46235  0.727296 0.423138 -0.540365 0.308669 -0.904877 -0.293124 -76.7768 174.383 10.3001 -1.68712 3.68791 2.36154 0.937197
13070933439933  2538844563  46236  0.727891 0.422823 -0.53981 0.308884 -0.905039 -0.292395 -76.7978 174.445 10.3466 -1.70734 4.22429 2.88964 0.941915
13070933439941  2538856594  46237  0.728272 0.422812 -0.539305 0.309379 -0.905067 -0.291784 -76.8162 174.503 10.379 -1.64691 4.4354 2.82185 0.945551
13070933439961  2538868508  46238  0.728677 0.422685 -0.538856 0.309684 -0.905142 -0.291229 -76.8288 174.558 10.4148 -1.44251 4.49475 2.88373 0.948514
13070933439964  2538880544  46239  0.729026 0.422599 -0.538453 0.309999 -0.905198 -0.290718 -76.8396 174.607 10.4471 -1.25317 4.35067 2.81334 0.951599
13070933439986  2538892522  46240  0.729372 0.422564 -0.538011 0.310346 -0.905229 -0.290253 -76.8497 174.657 10.4736 -1.10898 4.27175 2.60635 0.955159
13070933439989  2538904431  46241  0.7303 0.421914 -0.537261 0.310457 -0.90555 -0.289128 -76.9051 174.784 10.5227 -2.33556 6.50392 3.13099 0.942309
13070933440000  2538916373  46242  0.731591 0.420694 -0.536462 0.310424 -0.906153 -0.28727 -77.0085 174.992 10.6077 -4.52759 10.2755 4.5137 0.943253
13070933440013  2538928424  46243  0.733261 0.419001 -0.535507 0.308308 -0.906839 -0.287384 -77.1343 175.308 10.7318 -6.59549 15.8538 6.53247 0.935232
13070933440024  2538940363  46244  0.735581 0.416895 -0.533966 0.30439 -0.907565 -0.289261 -77.3033 175.781 10.856 -9.21586 24.1033 7.87527 0.901709
13070933440038  2538952362  46245  0.737434 0.415778 -0.532278 0.300154 -0.907712 -0.293199 -77.4266 176.139 10.996 -9.58489 26.0735 9.19711 0.900959
13070933440048  2538964407  46246  0.738188 0.416867 -0.530378 0.299095 -0.906966 -0.296573 -77.5653 176.411 11.1759 -10.2584 24.8514 11.201 0.903063
13070933440073  2538976267  46247  0.738834 0.418539 -0.528156 0.300092 -0.90609 -0.298236 -77.6731 176.787 11.3397 -9.85609 27.2333 12.1003 0.912043
13070933440075  2538988276  46248  0.739471 0.41967 -0.526365 0.30582 -0.90598 -0.2927 -77.8788 177.655 11.6148 -12.3892 42.9117 15.8657 0.919455
13070933440084  2539000192  46249  0.740548 0.424525 -0.520929 0.313425 -0.903906 -0.291065 -78.175 178.505 11.9186 -16.708 52.7602 19.2 0.925311
13070933440098  2539012189  46250  0.740662 0.43213 -0.514474 0.324597 -0.900578 -0.289131 -78.4826 179.412 12.3511 -19.8173 60.7026 25.0668 0.9297
13070933440108  2539024244  46251  0.740474 0.441963 -0.506328 0.334511 -0.895782 -0.292708 -78.8161 180.567 13.0198 -22.5575 72.987 35.6922 0.927701
13070933440124  2539036262  46252  0.743064 0.451251 -0.494195 0.34129 -0.890738 -0.300177 -79.3353 182.426 13.8955 -29.7539 101.472 48.651 0.833585
13070933440133  2539048078  46253  0.737631 0.466523 -0.488115 0.361669 -0.883456 -0.297829 -79.6562 183.837 14.8607 -28.8627 107.65 60.0119 0.792558
13070933440144  2539060078  46254  0.734201 0.482072 -0.478075 0.37275 -0.874754 -0.309617 -79.9917 185.304 15.6756 -28.5475 112.717 62.7599 0.798512
13070933440158  2539072033  46255  0.727369 0.504547 -0.465153 0.386012 -0.861235 -0.330559 -80.8326 186.472 16.8706 -43.0559 107.497 75.6743 0.702136
13070933440168  2539084021  46256  0.714676 0.529549 -0.456964 0.411688 -0.846629 -0.337243 -81.586 188.104 18.0318 -49.9416 117.47 83.0459 0.706492
13070933440183  2539096025  46257  0.704719 0.550192 -0.447952 0.426669 -0.833095 -0.352003 -82.0767 189.915 19.0024 -46.7845 129.105 82.2828 0.679394
13070933440192  2539108060  46258  0.69258 0.572849 -0.43838 0.447587 -0.817865 -0.361611 -82.2779 190.818 19.6395 -36.2907 110.228 72.0406 0.681715
13070933440210  2539120031  46259  0.681982 0.591556 -0.430072 0.463868 -0.804486 -0.370983 -82.5364 191.929 20.2933 -31.182 104.164 65.9852 0.673006
13070933440216  2539131995  46260  0.669027 0.614353 -0.418297 0.483587 -0.787198 -0.382705 -82.7926 192.371 20.8047 -27.7913 80.8405 57.9131 0.572646
13070933440227  2539143957  46261  0.65312 0.640281 -0.40432 0.502635 -0.765899 -0.400945 -83.1589 192.925 21.5271 -28.7747 68.8414 58.7743 0.578266
13070933440240  2539155981  46262  0.644061 0.65478 -0.395535 0.516539 -0.753629 -0.406485 -83.6448 193.98 22.3826 -32.8306 75.4193 63.0903 0.507073
13070933440252  2539167921  46263  0.630743 0.672285 -0.38755 0.534495 -0.738453 -0.411099 -84.0047 195.086 23.157 -31.8989 81.4095 63.7042 0.516205
13070933440266  2539179933  46264  0.619176 0.690172 -0.374544 0.546809 -0.721281 -0.425151 -84.5728 196.232 24.0248 -37.2635 86.2614 66.6785 0.511217
13070933440275  2539191897  46265  0.605103 0.707839 -0.364437 0.563009 -0.704097 -0.432745 -84.965 196.735 24.7777 -35.7089 70.9172 65.378 0.510905
13070933440294  2539203887  46266  0.600654 0.716473 -0.354797 0.567602 -0.694669 -0.441886 -85.5322 197.138 25.55 -39.742 57.9321 65.0417 0.459644
13070933440300  2539215802  46267  0.585554 0.737463 -0.336563 0.576763 -0.67076 -0.466289 -86.738 197.653 26.9637 -61.0207 52.8325 83.5995 0.462242
13070933440323  2539227806  46268  0.55992 0.76571 -0.316509 0.599091 -0.638036 -0.483736 -87.1273 197.496 27.7909 -51.0641 29.8881 78.4858 0.473276
13070933440327  2539239795  46269  0.545578 0.778001 -0.311544 0.61208 -0.623836 -0.48599 -87.0313 197.453 28.2924 -30.5112 18.2264 65.7316 0.475601
13070933440337  2539251787  46270  0.52873 0.791314 -0.307029 0.627642 -0.608013 -0.486195 -86.8283 197.287 28.8105 -14.0013 7.08761 57.8907 0.483773
13070933440350  2539263740  46271  0.514485 0.803469 -0.29957 0.640638 -0.592372 -0.488547 -86.8598 197.416 29.2252 -10.0565 8.36333 49.8392 0.486186
13070933440360  2539275835  46272  0.496389 0.818571 -0.289032 0.653982 -0.571571 -0.495595 -86.9673 197.711 29.8525 -9.64618 13.9781 50.5479 0.48655
13070933440375  2539287692  46273  0.475343 0.834246 -0.279432 0.668594 -0.548971 -0.50161 -86.8321 197.905 30.3718 -2.38628 14.7955 48.2222 0.494066
13070933440383  2539299750  46274  0.458038 0.847682 -0.267651 0.679779 -0.528029 -0.509005 -86.697 198.492 30.8083 2.3646 26.6552 44.0188 0.438474
13070933440401  2539311589  46275  0.442363 0.858738 -0.25862 0.690354 -0.510124 -0.513016 -86.4976 198.811 30.9991 7.3496 26.7566 34.408 0.443024
13070933440407  2539323561  46276  0.422645 0.871644 -0.24821 0.701756 -0.488055 -0.518981 -86.2081 199.406 31.2927 13.1989 34.7109 30.9739 0.444308
13070933440428  2539335531  46277  0.404743 0.88291 -0.238018 0.712022 -0.467612 -0.523798 -86.22 200.801 31.888 8.26905 63.1574 37.4903 0.443693
13070933440432  2539347551  46278  0.383269 0.894342 -0.230778 0.726279 -0.44618 -0.522917 -85.681 201.477 31.9941 21.0185 60.731 27.4984 0.445479
13070933440444  2539359480  46279  0.372854 0.900613 -0.22333 0.734606 -0.433548 -0.52191 -85.6212 202.19 32.0011 15.4716 60.394 18.1703 0.411398
13070933440456  2539371517  46280  0.365365 0.905933 -0.213994 0.740575 -0.422169 -0.522802 -85.6479 202.923 32.0408 9.29929 60.5748 12.9799 0.401525
13070933440468  2539383419  46281  0.351091 0.912773 -0.208759 0.744377 -0.407336 -0.529132 -85.0919 203.376 32.2709 22.2402 52.7838 15.1774 0.406865
13070933440481  2539395567  46282  0.328852 0.921527 -0.206508 0.752305 -0.387811 -0.532579 -84.4203 204.221 32.4245 33.8609 58.6807 14.2864 0.412718
13070933440492  2539407493  46283  0.309099 0.928828 -0.204296 0.757052 -0.370326 -0.538267 -83.7676 205.007 32.5745 41.0906 61.1835 13.6938 0.420183
13070933440505  2539419332  46284  0.29553 0.933909 -0.201185 0.760067 -0.357432 -0.542716 -83.351 205.556 32.6681 39.0568 56.0858 11.701 0.422897
13070933440517  2539431469  46285  0.283165 0.938146 -0.19925 0.761271 -0.346223 -0.548267 -83.1649 206.048 32.7651 30.7202 50.6453 10.3976 0.435255
13070933440534  2539443310  46286  0.273456 0.941488 -0.197034 0.76218 -0.337046 -0.552704 -83.0303 206.458 32.7984 24.0532 45.1241 7.78517 0.440311
13070933440540  2539455391  46287  0.262432 0.945259 -0.193944 0.764602 -0.326311 -0.555792 -82.9537 206.897 32.7732 17.8529 42.0262 4.32909 0.441876
13070933440559  2539467355  46288  0.251806 0.948417 -0.19261 0.767863 -0.316932 -0.556724 -82.3561 207.978 32.117 29.0024 58.8125 -16.2265 0.450958
13070933440564  2539479333  46289  0.237173 0.952375 -0.19165 0.768861 -0.304606 -0.562199 -81.7477 208.794 31.4288 36.5798 62.0493 -30.5605 0.459037
13070933440575  2539491291  46290  0.230439 0.95336 -0.194944 0.770027 -0.30114 -0.56247 -81.3872 209.269 30.9049 34.347 54.3229 -35.1617 0.474989
13070933440588  2539503305  46291  0.22547 0.953473 -0.200131 0.771521 -0.300181 -0.560933 -81.0861 209.41 30.5702 31.111 39.4638 -32.6154 0.485995
13070933440599  2539515252  46292  0.222308 0.953065 -0.20554 0.772754 -0.300785 -0.55891 -80.7942 209.516 30.229 28.793 28.8534 -31.2096 0.498728
13070933440614  2539527248  46293  0.219679 0.952882 -0.209182 0.772261 -0.300872 -0.559544 -80.6054 209.325 30.1708 24.2488 13.2801 -22.0354 0.502977
13070933440624  2539539248  46294  0.213142 0.954222 -0.209835 0.770626 -0.296214 -0.564263 -80.1098 209.029 29.7624 30.1861 0.0569554 -26.2131 0.514146
13070933440640  2539551189  46295  0.21526 0.952935 -0.213489 0.769285 -0.300135 -0.564021 -79.7298 209.195 29.3117 30.7532 4.86435 -30.2112 0.522807
13070933440648  2539563143  46296  0.22492 0.949536 -0.218616 0.764664 -0.311069 -0.56438 -79.6567 209.327 28.9602 22.2009 6.99885 -29.9298 0.549633
13070933440667  2539575149  46297  0.232842 0.947009 -0.221265 0.761266 -0.319068 -0.564508 -79.3552 209.639 28.2377 23.2161 13.6267 -40.467 0.56982
13070933440673  2539587130  46298  0.240373 0.94461 -0.223455 0.758143 -0.326456 -0.564487 -78.9353 209.486 27.4186 27.3305 4.4283 -50.1686 0.597126
13070933440709  2539623023  46299  0.239278 0.940339 -0.241886 0.752448 -0.337032 -0.565889 -77.4571 207.252 26.4637 37.333 -43.7 -33.1549 0.657976
13070933440722  2539635029  46300  0.240442 0.938266 -0.248684 0.751552 -0.342092 -0.564041 -77.0998 206.642 26.1528 34.6933 -46.1941 -30.6265 0.668132
13070933440732  2539646943  46301  0.245921 0.934509 -0.257325 0.749858 -0.351643 -0.560411 -76.7422 205.948 25.6651 33.0728 -50.3607 -34.1953 0.683326
13070933440747  2539658969  46302  0.254362 0.929471 -0.267177 0.746464 -0.364338 -0.55682 -76.4065 205.515 25.2934 31.2737 -45.3475 -33.0475 0.697817
13070933440756  2539670879  46303  0.267423 0.922983 -0.276744 0.740459 -0.380628 -0.553933 -76.0638 204.798 24.8971 30.4101 -50.5 -33.1271 0.713642
13070933440774  2539682868  46304  0.279992 0.916089 -0.287029 0.734511 -0.396943 -0.55039 -75.8088 203.992 24.5944 27.2303 -56.2985 -30.3846 0.727354
13070933440780  2539694862  46305  0.294345 0.907897 -0.298471 0.727715 -0.415363 -0.545807 -75.5859 202.964 24.329 24.2204 -66.5594 -27.5112 0.743487
13070933440801  2539706810  46306  0.308482 0.898705 -0.311719 0.721383 -0.434629 -0.53917 -75.3465 201.724 24.1671 22.7699 -79.4652 -22.6679 0.759649
13070933440804  2539718818  46307  0.320982 0.890232 -0.323199 0.716314 -0.451441 -0.532066 -75.2107 200.779 24.0992 18.7755 -79.1982 -16.7396 0.770987
13070933440816  2539730769  46308  0.330778 0.882389 -0.334628 0.713836 -0.46588 -0.522871 -74.9322 200.162 23.8454 20.3464 -69.6109 -18.3024 0.782401
13070933440830  2539742773  46309  0.343711 0.873666 -0.344342 0.709326 -0.481833 -0.514484 -74.7105 199.536 23.6291 19.6919 -63.5346 -18.2021 0.792497
13070933440840  2539754693  46310  0.356975 0.864623 -0.353548 0.701966 -0.498011 -0.509145 -74.472 198.859 23.555 19.803 -61.2111 -14.0522 0.804678
13070933440858  2539766674  46311  0.374457 0.852805 -0.364015 0.690571 -0.518471 -0.504281 -74.1545 197.975 23.5493 22.1332 -65.5743 -9.33084 0.810713
13070933440865  2539778723  46312  0.390675 0.840103 -0.376298 0.681406 -0.538771 -0.495391 -73.7448 197.078 23.443 26.2774 -68.6782 -9.15399 0.821288
13070933440886  2539790704  46313  0.409408 0.826037 -0.38736 0.669034 -0.560485 -0.488109 -73.3522 196.135 23.2979 28.5349 -72.1731 -10.1797 0.831759
13070933440889  2539802717  46314  0.429583 0.811121 -0.396915 0.656305 -0.582342 -0.479731 -73.1846 195.226 23.1438 23.4524 -73.4002 -11.1052 0.843533
13070933440900  2539814811  46315  0.454074 0.793975 -0.404254 0.638238 -0.606451 -0.474205 -73.0028 194.023 22.9204 20.5037 -82.5078 -13.6845 0.848911
13070933440914  2539826710  46316  0.477156 0.776449 -0.411641 0.623147 -0.629214 -0.464518 -73.1113 193.115 22.7292 10.2584 -80.3817 -14.509 0.858156
13070933440924  2539838640  46317  0.498962 0.758578 -0.419042 0.609493 -0.65091 -0.452586 -73.4111 192.582 22.6026 -2.00632 -67.9902 -13.158 0.868033
13070933440943  2539850641  46318  0.520948 0.738082 -0.428776 0.595414 -0.674146 -0.437046 -73.8287 191.987 22.605 -13.4245 -61.5857 -8.50634 0.875006
13070933440949  2539862591  46319  0.541995 0.716972 -0.438398 0.581235 -0.696585 -0.420636 -74.1697 191.244 22.63 -18.6675 -61.8078 -4.82859 0.880195
13070933440960  2539874547  46320  0.56079 0.698281 -0.444881 0.567895 -0.715409 -0.407045 -74.4586 190.577 22.6583 -20.576 -59.7218 -2.33189 0.888122
13070933440974  2539886574  46321  0.574915 0.683805 -0.449315 0.557675 -0.729312 -0.396363 -74.6746 190.018 22.6997 -19.6647 -55.1011 -0.318082 0.893451
13070933440985  2539898642  46322  0.588559 0.670126 -0.452249 0.547712 -0.741973 -0.386635 -74.9373 189.348 22.8107 -20.4003 -55.2222 3.01018 0.897856
13070933440998  2539910526  46323  0.60212 0.655516 -0.455795 0.539066 -0.754895 -0.373553 -75.422 188.349 23.0014 -27.4419 -65.2069 7.51495 0.895134
13070933441008  2539922434  46324  0.610695 0.646972 -0.456596 0.532157 -0.762301 -0.368382 -75.7586 187.692 23.2257 -27.7264 -61.7201 11.4328 0.841463
13070933441023  2539934504  46325  0.616804 0.64202 -0.455372 0.526736 -0.766573 -0.367308 -76.0156 187.191 23.402 -25.4761 -54.657 12.5438 0.842829
13070933441032  2539946433  46326  0.621234 0.638543 -0.454237 0.522809 -0.769525 -0.366744 -76.2182 186.94 23.5624 -22.5328 -43.0198 12.855 0.847753
13070933441050  2539958367  46327  0.62347 0.637871 -0.452113 0.520707 -0.770123 -0.368477 -76.4524 186.833 23.7455 -21.5274 -31.2005 13.7171 0.806476
13070933441055  2539970340  46328  0.626391 0.636873 -0.449473 0.517416 -0.770968 -0.371334 -76.6823 186.704 24.007 -20.7163 -24.09 16.542 0.699789
13070933441068  2539982303  46329  0.627584 0.641047 -0.44181 0.516105 -0.767427 -0.380384 -77.1301 186.76 24.4311 -26.5229 -14.1221 23.1107 0.710631
13070933441080  2539994352  46330  0.628595 0.645841 -0.433311 0.514697 -0.763137 -0.39078 -77.6185 187.188 24.8949 -31.4177 3.24208 28.4843 0.625445
13070933441091  2540006492  46331  0.621883 0.658425 -0.423954 0.522436 -0.752112 -0.401731 -78.0576 187.279 25.2626 -33.0896 4.72503 29.1168 0.63059
13070933441107  2540018275  46332  0.620027 0.665055 -0.416256 0.523868 -0.745878 -0.411375 -78.2416 187.386 25.4683 -27.0925 6.21236 25.1149 0.644953
13070933441115  2540030183  46333  0.618856 0.670484 -0.409229 0.526554 -0.740691 -0.417274 -78.4122 187.816 25.6887 -22.6749 16.5564 22.8316 0.657978
13070933441133  2540042186  46334  0.613228 0.681587 -0.399238 0.533507 -0.730105 -0.426987 -78.6444 188.467 25.9971 -21.5138 29.7064 23.8259 0.666615
13070933441140  2540054175  46335  0.60678 0.694473 -0.386684 0.541356 -0.717268 -0.438703 -78.9015 189.308 26.2463 -21.4915 43.7641 22.768 0.667962
13070933441150  2540066244  46336  0.597484 0.709297 -0.374045 0.549658 -0.7019 -0.453004 -79.0783 189.993 26.4829 -19.0978 48.298 21.6623 0.673233
13070933441162  2540078092  46337  0.590101 0.721471 -0.362299 0.554873 -0.688413 -0.467124 -79.2042 190.88 26.7276 -16.1787 57.4759 21.3132 0.677307
13070933441174  2540090058  46338  0.585743 0.728625 -0.35498 0.557939 -0.680173 -0.475467 -79.0775 192.184 26.9071 -6.87964 75.3585 19.1206 0.683749
13070933441187  2540102110  46339  0.576372 0.741701 -0.343037 0.565801 -0.665088 -0.487367 -79.0146 192.69 27.0407 -2.65131 63.7079 16.3147 0.626634
13070933441198  2540114014  46340  0.566701 0.75527 -0.329267 0.571653 -0.648221 -0.503014 -79.1933 193.581 27.3317 -6.92636 67.5422 19.128 0.595271
13070933441214  2540126165  46341  0.55604 0.768305 -0.317059 0.578161 -0.631593 -0.516547 -79.255 194.358 27.5734 -6.27768 66.2796 19.3967 0.598725
13070933441222  2540137990  46342  0.545701 0.77953 -0.307478 0.584786 -0.617065 -0.526551 -79.1195 194.777 27.6399 -0.174613 55.662 14.6549 0.604839
13070933441240  2540150350  46343  0.531363 0.79253 -0.299248 0.59361 -0.600349 -0.535918 -79.1399 195.52 27.8438 -0.700609 57.266 15.3138 0.590322
13070933441246  2540161984  46344  0.517649 0.804315 -0.291749 0.60256 -0.584793 -0.543083 -78.9501 196.126 27.824 5.07724 55.489 9.53447 0.594206
13070933441267  2540173980  46345  0.496927 0.818894 -0.287186 0.613103 -0.565507 -0.55164 -78.3976 196.909 27.7839 19.343 58.9051 5.05208 0.601132
13070933441271  2540186017  46346  0.477639 0.831444 -0.283835 0.622199 -0.548216 -0.558863 -77.926 197.711 27.6741 26.2664 61.5991 0.103131 0.608326
13070933441282  2540197960  46347  0.465662 0.838942 -0.281666 0.627014 -0.537381 -0.563982 -77.6448 198.231 27.6177 25.323 55.3437 -1.56912 0.611914
13070933441295  2540209928  46348  0.454246 0.846548 -0.277518 0.630328 -0.525542 -0.571395 -77.1984 199.024 27.3874 29.4838 59.1152 -7.7101 0.624064
13070933441306  2540221888  46349  0.442177 0.853207 -0.276619 0.635105 -0.515612 -0.57514 -76.6887 199.798 27.0748 34.045 61.0738 -14.11 0.636724
13070933441321  2540233902  46350  0.433766 0.857798 -0.275733 0.636771 -0.508353 -0.579741 -76.2949 200.567 26.784 33.6042 62.095 -17.6288 0.648251
13070933441331  2540245910  46351  0.428789 0.859425 -0.278441 0.637803 -0.506267 -0.580432 -76.2501 200.609 26.8216 23.197 41.6684 -10.3949 0.504016
13070933441348  2540257818  46352  0.422502 0.862604 -0.278221 0.639071 -0.501193 -0.583432 -76.2303 200.911 26.7717 15.7451 36.0486 -8.24971 0.526187
13070933441354  2540269790  46353  0.416203 0.865332 -0.279241 0.640205 -0.496961 -0.585805 -76.1168 201.243 26.6153 13.5671 33.1598 -9.9213 0.556799
13070933441375  2540281843  46354  0.41197 0.86674 -0.281145 0.640975 -0.494956 -0.58666 -76.0153 201.414 26.4846 11.7703 26.5252 -10.2434 0.587782
13070933441379  2540293744  46355  0.407868 0.867728 -0.284062 0.641615 -0.493742 -0.586983 -75.863 201.457 26.4215 12.1238 18.6028 -8.53657 0.600613
13070933441390  2540305703  46356  0.405312 0.868101 -0.28657 0.641765 -0.493437 -0.587075 -75.7658 201.513 26.3036 10.7369 13.7693 -8.99494 0.627259
13070933441405  2540317711  46357  0.405154 0.867364 -0.289016 0.639256 -0.494763 -0.588694 -75.7465 201.698 26.2161 7.55579 14.319 -8.39842 0.577241
13070933441414  2540329640  46358  0.403012 0.867376 -0.29196 0.639406 -0.495096 -0.588252 -75.6365 201.6 26.0463 8.13254 6.51509 -10.4229 0.608124
13070933441430  2540341618  46359  0.400387 0.866937 -0.296833 0.640004 -0.496395 -0.586504 -75.45 201.361 25.8087 10.7186 -2.68506 -13.6955 0.636511
13070933441438  2540353631  46360  0.397515 0.866132 -0.302982 0.641475 -0.49841 -0.583179 -75.2365 200.959 25.5351 13.1769 -13.4011 -16.8601 0.662014
13070933441457  2540365562  46361  0.397387 0.863606 -0.310271 0.641907 -0.503228 -0.578547 -75.0542 200.801 25.3175 13.9066 -13.3581 -17.3364 0.684045
13070933441462  2540377530  46362  0.397769 0.859424 -0.321202 0.642553 -0.510841 -0.57111 -74.6546 200.593 24.9597 20.6769 -14.76 -21.6992 0.7055
13070933441474  2540389549  46363  0.397427 0.855437 -0.332084 0.643083 -0.517797 -0.564207 -74.2493 200.021 24.6089 25.2244 -26.2105 -24.3098 0.727222
13070933441486  2540401484  46364  0.398878 0.849831 -0.344505 0.642512 -0.527055 -0.55623 -73.9785 199.371 24.3113 24.3435 -35.9808 -24.5289 0.748792
13070933441499  2540413446  46365  0.399805 0.84493 -0.355317 0.64233 -0.534806 -0.548994 -73.775 198.723 24.0528 21.7975 -42.2972 -23.5137 0.768277
13070933441512  2540425486  46366  0.398913 0.840158 -0.367428 0.641761 -0.541997 -0.54257 -73.5002 197.895 23.9217 22.1569 -51.5455 -19.1068 0.78521
13070933441522  2540437386  46367  0.399861 0.83443 -0.37926 0.640803 -0.55035 -0.535244 -73.0506 197.027 23.5407 27.5613 -58.9377 -23.5722 0.798392
13070933441540  2540449415  46368  0.4005 0.828296 -0.391824 0.640983 -0.558831 -0.526165 -72.5992 196.164 23.1568 31.036 -63.4171 -26.4823 0.812456
13070933441546  2540461341  46369  0.400856 0.823064 -0.402343 0.640683 -0.565769 -0.519067 -72.2588 195.295 22.7797 30.174 -66.6877 -28.262 0.824098
13070933441559  2540473311  46370  0.400976 0.818604 -0.411224 0.639352 -0.571555 -0.514348 -72.0163 194.558 22.6027 26.7283 -64.9196 -23.5787 0.829146
13070933441571  2540485334  46371  0.403726 0.813255 -0.419073 0.637643 -0.578606 -0.508553 -71.9901 194.119 22.5467 18.1659 -55.0126 -16.982 0.790686
13070933441582  2540497379  46372  0.405904 0.808849 -0.425448 0.633208 -0.584578 -0.507263 -71.7625 193.439 22.3746 18.4228 -55.5114 -16.039 0.799309
13070933441598  2540509287  46373  0.411138 0.802822 -0.43179 0.62742 -0.592844 -0.504857 -71.6831 192.937 22.2373 14.3539 -50.8954 -14.4805 0.80946
13070933441607  2540521229  46374  0.416888 0.796368 -0.438181 0.621969 -0.601468 -0.501389 -71.6299 192.457 22.1345 10.9207 -47.1931 -12.4436 0.821789
13070933441626  2540533318  46375  0.423057 0.78986 -0.444008 0.61677 -0.610002 -0.497486 -71.5548 192.027 22.0101 9.27034 -43.0962 -11.6894 0.830606
13070933441630  2540545313  46376  0.428752 0.783857 -0.449155 0.612033 -0.617719 -0.493801 -71.5328 191.787 21.9504 6.68422 -35.0653 -9.35268 0.8418
13070933441643  2540557381  46377  0.432879 0.779405 -0.452928 0.609339 -0.623262 -0.490153 -71.5415 191.72 21.9206 4.09305 -24.753 -6.94591 0.852162
13070933441656  2540569291  46378  0.439095 0.773449 -0.457135 0.60583 -0.630624 -0.485061 -71.6055 191.616 21.8846 0.81518 -19.2137 -5.58766 0.861296
13070933441667  2540581195  46379  0.445757 0.767438 -0.460802 0.602137 -0.637971 -0.480024 -71.6944 191.491 21.8505 -2.04902 -16.1881 -4.64558 0.869768
13070933441680  2540593210  46380  0.452288 0.762011 -0.463438 0.598575 -0.644563 -0.475654 -71.8223 191.401 21.8093 -5.04495 -13.1508 -4.21998 0.876727
13070933441691  2540605185  46381  0.459728 0.757126 -0.464124 0.594005 -0.65067 -0.47306 -72.0157 191.349 21.7525 -8.90453 -10.0886 -4.40364 0.881964
13070933441709  2540617118  46382  0.466718 0.752988 -0.463879 0.589641 -0.655854 -0.471359 -72.2184 191.295 21.7063 -11.7081 -8.15913 -4.22007 0.886327
13070933441715  2540629098  46383  0.473923 0.750515 -0.46057 0.58432 -0.659327 -0.473136 -72.6186 191.326 21.7488 -19.251 -4.43247 -1.51695 0.888209
13070933441727  2540641077  46384  0.482877 0.747233 -0.456588 0.579774 -0.663564 -0.472806 -73.3164 191.641 21.8747 -32.8133 6.26802 2.66402 0.762459
13070933441739  2540653042  46385  0.488648 0.746605 -0.451447 0.575957 -0.6647 -0.475865 -73.6881 191.719 21.9527 -32.2061 6.35535 4.00283 0.776395
13070933441750  2540664992  46386  0.492231 0.747345 -0.446301 0.573627 -0.664135 -0.479454 -73.9503 191.829 22.0118 -28.6438 7.32874 4.33006 0.784731
13070933441763  2540677091  46387  0.49408 0.749067 -0.441343 0.572626 -0.662345 -0.483113 -74.139 191.943 22.0816 -24.0712 8.07416 4.83366 0.79457
13070933441774  2540688933  46388  0.494687 0.751268 -0.436899 0.5722 -0.659934 -0.486903 -74.2657 192.061 22.1882 -19.464 8.72081 6.27108 0.808602
13070933441789  2540700978  46389  0.495797 0.753308 -0.432102 0.571441 -0.657658 -0.490857 -74.4057 192.208 22.2958 -16.7259 9.93179 7.2017 0.817557
13070933441799  2540712958  46390  0.496268 0.756182 -0.426504 0.571455 -0.654358 -0.495232 -74.5585 192.471 22.4266 -15.3433 14.1087 8.49305 0.817705
13070933441818  2540724866  46391  0.496115 0.75872 -0.422154 0.571651 -0.651388 -0.498909 -74.6428 192.666 22.5732 -12.4857 14.9052 9.81569 0.825916
13070933441843  2540748871  46392  0.493467 0.763157 -0.417232 0.574902 -0.646166 -0.501954 -74.4852 192.788 22.6501 -1.52743 9.24564 6.01144 0.841888
13070933441847  2540760828  46393  0.491971 0.765462 -0.414768 0.57664 -0.643424 -0.503479 -74.3931 192.867 22.6857 1.6788 8.32305 4.9563 0.848584
13070933441858  2540772805  46394  0.489176 0.769068 -0.411389 0.57918 -0.639099 -0.506065 -74.2472 192.951 22.7462 5.3309 7.88729 4.98973 0.856412
13070933441872  2540784807  46395  0.477901 0.780881 -0.402289 0.587341 -0.624605 -0.514683 -73.76 192.523 22.7981 17.6096 -7.2762 4.75879 0.69105
13070933441883  2540796698  46396  0.476233 0.783216 -0.39972 0.589041 -0.621663 -0.5163 -73.7002 192.559 22.8064 13.2609 -3.73868 3.35584 0.715828
13070933441899  2540808670  46397  0.474799 0.785069 -0.397784 0.590494 -0.619314 -0.517462 -73.6285 192.658 22.8296 10.7327 0.433264 2.86134 0.738506
13070933441907  2540820635  46398  0.473698 0.786449 -0.396369 0.591906 -0.617562 -0.517942 -73.5411 192.847 22.8528 9.54324 5.78978 2.54056 0.758728
13070933441927  2540832603  46399  0.472862 0.787412 -0.395455 0.593016 -0.616338 -0.518131 -73.4669 193.03 22.8728 8.38168 9.07595 2.23958 0.777195
13070933441931  2540844634  46400  0.472516 0.787767 -0.395161 0.593651 -0.61589 -0.517936 -73.3997 193.179 22.8912 7.40522 10.2372 1.99146 0.792039
13070933441942  2540856567  46401  0.472166 0.787918 -0.395277 0.594453 -0.61571 -0.517229 -73.34 193.303 22.8865 6.5742 10.2814 1.16396 0.804409
13070933441955  2540868686  46402  0.472244 0.787688 -0.395643 0.594701 -0.616013 -0.516583 -73.2948 193.357 22.8886 5.57449 8.25331 0.816903 0.816693
13070933441967  2540880625  46403  0.471583 0.787707 -0.396392 0.595481 -0.616008 -0.51569 -73.233 193.361 22.9054 5.43561 5.4929 1.02268 0.827117
13070933441982  2540892543  46404  0.470872 0.787686 -0.397278 0.596294 -0.616052 -0.514697 -73.1782 193.345 22.9329 5.14648 3.12251 1.46851 0.834081
13070933441991  2540904530  46405  0.470279 0.787712 -0.397929 0.596916 -0.616029 -0.514003 -73.1431 193.338 22.9478 4.37426 1.85593 1.38916 0.84216
13070933442007  2540916592  46406  0.470184 0.787663 -0.398138 0.597084 -0.616094 -0.51373 -73.1359 193.337 22.9458 3.05362 1.1583 0.844311 0.849301
13070933442014  2540928515  46407  0.470132 0.787579 -0.398366 0.597214 -0.616204 -0.513447 -73.1271 193.334 22.9415 2.2526 0.683627 0.427878 0.855767
13070933442034  2540940544  46408  0.471298 0.786619 -0.398885 0.596765 -0.617429 -0.512496 -73.1596 193.344 22.9294 0.523823 0.740493 -0.0712771 0.858093
13070933442039  2540952600  46409  0.474435 0.784506 -0.399327 0.595343 -0.620104 -0.510919 -73.3198 193.277 22.9291 -4.30299 -1.48282 -0.0566594 0.861117
13070933442060  2540964447  46410  0.47738 0.782335 -0.400076 0.595044 -0.622842 -0.507928 -73.524 193.224 22.9093 -8.76003 -2.49296 -0.611769 0.832848
13070933442063  2540976416  46411  0.481449 0.779479 -0.400774 0.593827 -0.626408 -0.504959 -73.72 193.154 22.8741 -11.406 -3.65886 -1.42161 0.83656
13070933442075  2540988446  46412  0.484838 0.777797 -0.399955 0.593152 -0.628479 -0.503175 -73.8552 192.939 22.7428 -11.3474 -8.6221 -4.73425 0.83713
13070933442090  2541000360  46413  0.486867 0.777211 -0.398627 0.59294 -0.629185 -0.502543 -73.9282 192.68 22.5991 -9.54149 -13.1731 -7.26994 0.807599
13070933442099  2541012334  46414  0.488489 0.776732 -0.397575 0.59262 -0.629756 -0.502204 -73.985 192.483 22.4878 -7.87329 -14.2978 -7.97382 0.807678
13070933442119  2541024465  46415  0.489891 0.776352 -0.39659 0.592002 -0.630198 -0.502379 -74.0257 192.304 22.3893 -6.28772 -14.4724 -8.02667 0.811651
13070933442123  2541036293  46416  0.490948 0.776063 -0.395848 0.591535 -0.63053 -0.502512 -74.0564 192.169 22.315 -5.01698 -13.4262 -7.42485 0.816611
13070933442134  2541048269  46417  0.491523 0.775608 -0.396027 0.590918 -0.631081 -0.502546 -74.0591 192.146 22.3092 -3.35021 -9.41648 -5.01307 0.821249
13070933442149  2541060267  46418  0.491901 0.775287 -0.396186 0.590497 -0.63147 -0.502553 -74.0586 192.131 22.3056 -2.16867 -6.56046 -3.37031 0.825941
13070933442159  2541072191  46419  0.492372 0.774897 -0.396365 0.589995 -0.631942 -0.502549 -74.0575 192.111 22.3041 -1.38676 -4.87438 -2.24722 0.826641
13070933442176  2541084184  46420  0.492876 0.774473 -0.396567 0.589475 -0.632455 -0.502514 -74.0555 192.091 22.3025 -0.844843 -3.7621 -1.51232 0.8275
13070933442182  2541096148  46421  0.493049 0.774262 -0.396762 0.58932 -0.632713 -0.502371 -74.0521 192.088 22.2982 -0.454033 -2.53621 -1.11129 0.830913
13070933442204  2541108111  46422  0.493222 0.774068 -0.396926 0.589168 -0.63295 -0.502251 -74.0485 192.086 22.2947 -0.191295 -1.70982 -0.827991 0.833635
13070933442231  2541144034  46423  0.495333 0.772055 -0.398216 0.586316 -0.635368 -0.502535 -73.9102 192.032 22.2564 2.72739 -1.5754 -1.00016 0.849069
13070933442242  2541156004  46424  0.496202 0.770883 -0.399402 0.585083 -0.636788 -0.502174 -73.8229 192.048 22.23 4.31582 -0.559379 -1.4172 0.856466
13070933442255  2541168113  46425  0.497196 0.768932 -0.40192 0.583351 -0.639161 -0.501174 -73.627 192.059 22.1614 8.47407 -0.0292755 -2.9072 0.863219
13070933442267  2541179944  46426  0.498164 0.767321 -0.403795 0.581635 -0.641097 -0.500695 -73.4943 192.061 22.114 9.41826 0.039612 -3.28762 0.870719
13070933442280  2541192116  46427  0.498869 0.766412 -0.404651 0.580314 -0.642174 -0.500847 -73.4256 192.007 22.0615 8.08958 -1.53567 -3.64771 0.877092
13070933442291  2541204018  46428  0.499363 0.765784 -0.405229 0.579165 -0.642908 -0.501235 -73.3805 191.947 22.014 6.60385 -2.77026 -3.76554 0.879014
13070933442306  2541215931  46429  0.499666 0.76537 -0.405638 0.578638 -0.643398 -0.501215 -73.3761 191.942 22.0062 4.44479 -1.9342 -2.68989 0.883178
13070933442314  2541227841  46430  0.500257 0.76472 -0.406136 0.577485 -0.644154 -0.501574 -73.3684 191.87 21.9739 3.12868 -3.37622 -2.69773 0.887206
13070933442336  2541239810  46431  0.501013 0.763954 -0.406646 0.576258 -0.645045 -0.501841 -73.3318 191.761 21.8848 3.10466 -5.36825 -4.34779 0.888877
13070933442339  2541251823  46432  0.501653 0.763302 -0.40708 0.575215 -0.645799 -0.502067 -73.3007 191.668 21.8091 2.92451 -6.18239 -5.02748 0.890632
13070933442351  2541263752  46433  0.502239 0.762824 -0.407254 0.574164 -0.646339 -0.502575 -73.2831 191.561 21.7368 2.4224 -7.14928 -5.38618 0.892999
13070933442366  2541275919  46434  0.502727 0.762424 -0.407399 0.573286 -0.646789 -0.502998 -73.2684 191.472 21.6764 1.99468 -7.21726 -5.23653 0.893871
13070933442375  2541287853  46435  0.503074 0.762164 -0.40746 0.572467 -0.647073 -0.503565 -73.2607 191.386 21.6397 1.52646 -7.20944 -4.48738 0.883031
13070933442393  2541299896  46436  0.503366 0.761943 -0.407512 0.571774 -0.647313 -0.504044 -73.2542 191.313 21.6087 1.18186 -6.79714 -3.8203 0.883224
13070933442399  2541311820  46437  0.50361 0.761758 -0.407556 0.571194 -0.647513 -0.504444 -73.2488 191.253 21.5828 0.930043 -6.20319 -3.24951 0.885316
13070933442420  2541323768  46438  0.503819 0.761599 -0.407594 0.570697 -0.647684 -0.504787 -73.2442 191.201 21.5605 0.74269 -5.56298 -2.76839 0.886415
13070933442424  2541335817  46439  0.504001 0.761462 -0.407627 0.570264 -0.647833 -0.505085 -73.2401 191.155 21.5412 0.600572 -4.93041 -2.3616 0.887167
13070933442434  2541347742  46440  0.503666 0.762087 -0.406871 0.570234 -0.64707 -0.506096 -73.2695 191.103 21.5357 -0.462311 -4.7448 -1.70335 0.715778
13070933442448  2541359728  46441  0.5033 0.762749 -0.406083 0.570094 -0.646256 -0.507292 -73.2972 191.044 21.5549 -1.10375 -4.79625 -0.554036 0.715976
13070933442460  2541371831  46442  0.503917 0.762529 -0.40573 0.569699 -0.646487 -0.507441 -73.3161 191.019 21.5438 -1.26615 -3.85959 -0.680903 0.734885
13070933442475  2541383637  46443  0.504447 0.76234 -0.405427 0.56936 -0.646686 -0.507569 -73.3324 190.997 21.5343 -1.30472 -3.17543 -0.723782 0.749436
13070933442483  2541395776  46444  0.504937 0.762165 -0.405147 0.569047 -0.646869 -0.507688 -73.3475 190.976 21.5255 -1.28205 -2.65044 -0.724181 0.762885
13070933442502  2541407631  46445  0.505655 0.761841 -0.40486 0.568579 -0.647219 -0.507764 -73.3707 190.979 21.5125 -1.51589 -1.66433 -0.851867 0.775812
13070933442507  2541419736  46446  0.506336 0.761533 -0.404587 0.568135 -0.647552 -0.507837 -73.3928 190.981 21.5002 -1.62337 -1.01252 -0.909966 0.78748
13070933442518  2541431518  46447  0.506942 0.761258 -0.404345 0.56774 -0.647847 -0.507903 -73.4124 190.983 21.4892 -1.6381 -0.604051 -0.916971 0.797382
13070933442530  2541443560  46448  0.50751 0.761001 -0.404118 0.567369 -0.648124 -0.507964 -73.4308 190.985 21.4789 -1.5991 -0.336209 -0.894379 0.806177
13070933442542  2541455466  46449  0.508022 0.760768 -0.403914 0.567034 -0.648374 -0.50802 -73.4474 190.987 21.4697 -1.52824 -0.168351 -0.854293 0.813723
13070933442556  2541467482  46450  0.508498 0.76055 -0.403724 0.566722 -0.648606 -0.508071 -73.4628 190.989 21.4611 -1.44352 -0.0618229 -0.806641 0.82105
13070933442565  2541479416  46451  0.508786 0.760608 -0.403252 0.566413 -0.648502 -0.508548 -73.4841 190.986 21.4567 -1.56103 -0.111385 -0.653404 0.743793
13070933442581  2541491371  46452  0.509829 0.760128 -0.40284 0.56547 -0.649 -0.508962 -73.5351 190.987 21.4646 -2.50113 -0.0468731 -0.198424 0.76317
13070933442589  2541503368  46453  0.510492 0.759789 -0.40264 0.564888 -0.649359 -0.509151 -73.5586 190.988 21.458 -2.31121 -0.00117567 -0.320735 0.777858
13070933442608  2541515373  46454  0.510836 0.75959 -0.40258 0.564439 -0.649566 -0.509384 -73.5673 190.978 21.4613 -1.75756 -0.279288 -0.11126 0.790262
13070933442614  2541527435  46455  0.511223 0.75928 -0.402673 0.563587 -0.649889 -0.509916 -73.5916 190.946 21.4935 -1.84895 -1.11104 0.8587 0.800713
13070933442626  2541539272  46456  0.511671 0.758942 -0.402741 0.562839 -0.650248 -0.510284 -73.6151 190.922 21.5149 -1.8952 -1.43749 1.18705 0.808508
13070933442638  2541551288  46457  0.512073 0.758638 -0.402802 0.562169 -0.65057 -0.510612 -73.6361 190.9 21.5341 -1.84416 -1.56925 1.33025 0.814237
13070933442650  2541563336  46458  0.512441 0.758335 -0.402905 0.561548 -0.650895 -0.510881 -73.6555 190.877 21.5551 -1.76126 -1.70338 1.4731 0.819207
13070933442664  2541575365  46459  0.512771 0.758063 -0.402997 0.560991 -0.651187 -0.511122 -73.6728 190.856 21.5738 -1.65032 -1.72119 1.50418 0.824274
13070933442674  2541587336  46460  0.513066 0.757819 -0.40308 0.560491 -0.651448 -0.511337 -73.6884 190.837 21.5907 -1.52816 -1.67171 1.46999 0.828638
13070933442689  2541599202  46461  0.513332 0.757599 -0.403155 0.560041 -0.651682 -0.511531 -73.7024 190.82 21.6058 -1.40791 -1.58968 1.40334 0.832756
13070933442699  2541611114  46462  0.513575 0.757398 -0.403224 0.55963 -0.651896 -0.511708 -73.7151 190.804 21.6197 -1.29186 -1.49076 1.31947 0.83608
13070933442716  2541623086  46463  0.513795 0.757215 -0.403287 0.559256 -0.652091 -0.511869 -73.7268 190.79 21.6323 -1.18116 -1.38387 1.22704 0.838986
13070933442722  2541635203  46464  0.513998 0.757046 -0.403344 0.558911 -0.65227 -0.512017 -73.7375 190.777 21.6439 -1.0766 -1.27499 1.13191 0.841753
13070933442745  2541647172  46465  0.514182 0.756893 -0.403397 0.558598 -0.652433 -0.512152 -73.7472 190.765 21.6544 -0.984494 -1.17474 1.04382 0.843991
13070933442748  2541659191  46466  0.514353 0.756751 -0.403446 0.558308 -0.652583 -0.512277 -73.7562 190.754 21.6641 -0.903186 -1.08358 0.963407 0.845991
13070933442758  2541671109  46467  0.51451 0.75662 -0.403491 0.55804 -0.652722 -0.512392 -73.7646 190.744 21.6731 -0.831712 -1.00166 0.890957 0.847822
13070933442774  2541683137  46468  0.514657 0.756498 -0.403533 0.55779 -0.652852 -0.512499 -73.7723 190.735 21.6815 -0.767061 -0.926334 0.824216 0.849666
13070933442782  2541695046  46469  0.514793 0.756385 -0.403572 0.557559 -0.652971 -0.512598 -73.7795 190.726 21.6893 -0.709902 -0.858964 0.764438 0.851122
13070933442801  2541707047  46470  0.514985 0.756237 -0.403603 0.557337 -0.653131 -0.512636 -73.7856 190.717 21.6971 -0.639679 -0.811573 0.725912 0.851893
13070933442806  2541719038  46471  0.515303 0.755936 -0.403762 0.557182 -0.65348 -0.512359 -73.7984 190.703 21.7038 -0.788088 -0.953085 0.667253 0.855038
13070933442818  2541730967  46472  0.515652 0.755557 -0.404026 0.557381 -0.653945 -0.511549 -73.8347 190.626 21.6987 -1.56975 -2.85831 0.287241 0.861825
13070933442830  2541743022  46473  0.516515 0.754568 -0.404771 0.557277 -0.655125 -0.510151 -73.8274 190.597 21.6574 -0.811228 -2.68637 -1.01043 0.85944
13070933442842  2541754918  46474  0.526188 0.74711 -0.406143 0.549667 -0.663241 -0.507914 -74.0463 191.106 21.5696 -6.89205 13.0296 -3.21441 0.567072
13070933442855  2541767016  46475  0.528479 0.745508 -0.406113 0.549107 -0.665008 -0.506207 -74.0891 191.095 21.4461 -5.71714 8.13887 -5.66519 0.604252
13070933442866  2541778866  46476  0.529862 0.744459 -0.406236 0.548981 -0.666187 -0.504792 -74.12 191.061 21.3604 -4.64572 4.35762 -6.20341 0.635754
13070933442879  2541790944  46477  0.531028 0.743535 -0.406405 0.549192 -0.667248 -0.503159 -74.1483 191.012 21.2688 -3.83731 1.39568 -6.68916 0.662626
13070933442889  2541802872  46478  0.531945 0.74275 -0.40664 0.549353 -0.668152 -0.501781 -74.1734 190.957 21.1965 -3.23945 -0.683483 -6.46983 0.6844
13070933442906  2541814815  46479  0.532687 0.742145 -0.406774 0.549794 -0.668866 -0.500346 -74.1894 190.87 21.1227 -2.57861 -2.9565 -6.36861 0.704937
13070933442914  2541826786  46480  0.53343 0.741532 -0.406918 0.550178 -0.669584 -0.49896 -74.2053 190.797 21.059 -2.14562 -4.06285 -6.00674 0.721578
13070933442934  2541838731  46481  0.534148 0.741019 -0.406911 0.550527 -0.670177 -0.497778 -74.2131 190.719 20.9958 -1.6267 -4.89998 -5.75681 0.738097
13070933442938  2541850818  46482  0.534781 0.74059 -0.406861 0.55114 -0.670691 -0.496405 -74.2113 190.624 20.9272 -1.00435 -5.95139 -5.72825 0.753408
13070933442960  2541862689  46483  0.535298 0.740284 -0.406737 0.551727 -0.671061 -0.495251 -74.2074 190.532 20.8675 -0.543845 -6.55556 -5.48843 0.76599
13070933442963  2541874692  46484  0.535732 0.740028 -0.406632 0.552219 -0.671371 -0.494283 -74.2041 190.456 20.8173 -0.259167 -6.49803 -5.03154 0.777687
13070933442973  2541886679  46485  0.536184 0.739788 -0.406472 0.552632 -0.671653 -0.493437 -74.197 190.392 20.7781 0.0378698 -6.09923 -4.42055 0.787708
13070933442988  2541898660  46486  0.536565 0.739587 -0.406336 0.552981 -0.671891 -0.492722 -74.1909 190.337 20.7449 0.199445 -5.55085 -3.84577 0.797293
13070933442999  2541910572  46487  0.536233 0.739945 -0.406121 0.553728 -0.671527 -0.492379 -74.1268 190.215 20.7215 1.99355 -7.19745 -3.19387 0.80443
13070933443013  2541922617  46488  0.535744 0.740385 -0.405966 0.554516 -0.671078 -0.492105 -74.0463 190.074 20.7151 3.6326 -8.75593 -2.26642 0.809518
13070933443022  2541934519  46489  0.534991 0.741004 -0.405831 0.555408 -0.670436 -0.491972 -73.956 189.917 20.7188 5.0001 -10.2877 -1.37212 0.816921
13070933443042  2541946617  46490  0.534374 0.741526 -0.40569 0.55614 -0.669891 -0.491889 -73.8739 189.778 20.7257 5.62611 -10.7153 -0.692187 0.823855
13070933443046  2541958696  46491  0.533818 0.741989 -0.405575 0.556801 -0.669406 -0.491801 -73.8005 189.652 20.7356 5.78328 -10.6054 -0.163011 0.829601
13070933443068  2541970520  46492  0.533376 0.742356 -0.405484 0.557324 -0.669022 -0.491731 -73.7423 189.553 20.7435 5.48702 -9.85601 0.121585 0.833359
13070933443071  2541982489  46493  0.533012 0.742658 -0.40541 0.557755 -0.668705 -0.491673 -73.6944 189.471 20.7499 4.97047 -8.81123 0.266873 0.836745
13070933443083  2541994496  46494  0.532713 0.742906 -0.405349 0.558109 -0.668445 -0.491626 -73.655 189.403 20.7553 4.38299 -7.70047 0.32825 0.839227
13070933443097  2542006491  46495  0.532461 0.743115 -0.405297 0.558406 -0.668226 -0.491586 -73.6219 189.346 20.7597 3.81823 -6.66521 0.343627 0.841733
13070933443106  2542018475  46496  0.532246 0.743293 -0.405254 0.55866 -0.668038 -0.491552 -73.5936 189.298 20.7635 3.31163 -5.75335 0.334933 0.843832
13070933443127  2542030400  46497  0.53206 0.743446 -0.405216 0.55888 -0.667876 -0.491523 -73.5691 189.256 20.7668 2.8748 -4.97655 0.31475 0.845878
13070933443131  2542042365  46498  0.531896 0.743581 -0.405183 0.559072 -0.667734 -0.491497 -73.5476 189.219 20.7697 2.50004 -4.31596 0.289583 0.848126
13070933443153  2542054402  46499  0.531752 0.743701 -0.405153 0.559243 -0.667608 -0.491474 -73.5286 189.187 20.7723 2.17843 -3.7529 0.262845 0.850929
13070933443156  2542066325  46500  0.531624 0.743806 -0.405128 0.559393 -0.667497 -0.491454 -73.5118 189.158 20.7746 1.91131 -3.28753 0.237565 0.855854
13070933443166  2542078288  46501  0.531509 0.743901 -0.405104 0.559529 -0.667397 -0.491436 -73.4967 189.132 20.7766 1.68677 -2.89784 0.214322 0.860756
13070933443180  2542090275  46502  0.531444 0.743976 -0.405051 0.559675 -0.667318 -0.491376 -73.4888 189.111 20.7714 1.33039 -2.51758 -0.0113129 0.864208
13070933443190  2542102268  46503  0.531623 0.743855 -0.405038 0.559841 -0.667461 -0.490993 -73.4988 189.114 20.7561 0.57741 -1.55593 -0.452295 0.860058
13070933443204  2542114262  46504  0.531848 0.743707 -0.405016 0.56002 -0.667637 -0.49055 -73.5115 189.119 20.7381 0.00658713 -0.856528 -0.816077 0.836083
13070933443215  2542126172  46505  0.532089 0.743571 -0.404949 0.56016 -0.667793 -0.490176 -73.5236 189.122 20.7197 -0.346271 -0.460078 -1.06872 0.842066
13070933443235  2542138222  46506  0.532433 0.743373 -0.404859 0.560402 -0.668023 -0.489586 -73.5481 189.133 20.691 -0.935554 0.00231355 -1.52769 0.845983
13070933443239  2542150138  46507  0.532745 0.743194 -0.404778 0.560621 -0.668231 -0.489051 -73.5703 189.142 20.665 -1.25628 0.275308 -1.7542 0.84908
13070933443251  2542162145  46508  0.533026 0.743033 -0.404704 0.560818 -0.668419 -0.488569 -73.5903 189.151 20.6415 -1.39973 0.426205 -1.82409 0.85149
13070933443264  2542174106  46509  0.533278 0.742888 -0.404638 0.560995 -0.668586 -0.488137 -73.6082 189.158 20.6205 -1.43344 0.498968 -1.79977 0.854026
13070933443275  2542186035  46510  0.533505 0.742758 -0.404578 0.561154 -0.668737 -0.487747 -73.6244 189.165 20.6016 -1.40698 0.525794 -1.7272 0.855623
13070933443289  2542198043  46511  0.533712 0.742639 -0.404523 0.561299 -0.668875 -0.487391 -73.6392 189.171 20.5842 -1.34555 0.524709 -1.6279 0.857591
13070933443298  2542210035  46512  0.533901 0.742531 -0.404473 0.561431 -0.669001 -0.487067 -73.6526 189.177 20.5685 -1.2672 0.507709 -1.51831 0.859095
13070933443310  2542221965  46513  0.534073 0.742432 -0.404426 0.561551 -0.669115 -0.48677 -73.6649 189.182 20.5541 -1.18506 0.483393 -1.41051 0.860115
13070933443323  2542233933  46514  0.534233 0.74234 -0.404384 0.561662 -0.669221 -0.486496 -73.6762 189.187 20.5408 -1.103 0.455466 -1.30679 0.861349
13070933443334  2542245916  46515  0.53438 0.742256 -0.404344 0.561765 -0.669318 -0.486244 -73.6867 189.192 20.5285 -1.02346 0.426207 -1.20865 0.862217
13070933443347  2542257895  46516  0.534516 0.742178 -0.404308 0.56186 -0.669409 -0.48601 -73.6964 189.196 20.5171 -0.949057 0.397553 -1.11823 0.863225
13070933443358  2542269853  46517  0.534642 0.742106 -0.404274 0.561948 -0.669492 -0.485793 -73.7054 189.2 20.5066 -0.880915 0.370532 -1.03628 0.864282
13070933443373  2542281874  46518  0.53476 0.742038 -0.404242 0.56203 -0.669571 -0.48559 -73.7138 189.203 20.4967 -0.81786 0.345011 -0.961009 0.864935
13070933443383  2542293861  46519  0.53487 0.741975 -0.404212 0.562106 -0.669643 -0.485401 -73.7217 189.207 20.4876 -0.760528 0.321479 -0.892929 0.865591
13070933443401  2542305883  46520  0.534973 0.741916 -0.404184 0.562178 -0.669712 -0.485224 -73.729 189.21 20.479 -0.708484 0.29991 -0.831355 0.866324
13070933443407  2542317850  46521  0.535069 0.741861 -0.404158 0.562245 -0.669775 -0.485058 -73.7359 189.213 20.4709 -0.661762 0.280413 -0.776223 0.867203
13070933443417  2542329744  46522  0.535404 0.741623 -0.404151 0.562303 -0.670043 -0.484621 -73.7583 189.232 20.4573 -1.08358 0.740392 -0.902748 0.853087
13070933443432  2542341702  46523  0.535718 0.7414 -0.404145 0.562357 -0.670294 -0.484211 -73.7793 189.25 20.4445 -1.3185 1.00647 -0.960235 0.855729
13070933443443  2542353787  46524  0.536003 0.741197 -0.404139 0.562406 -0.670522 -0.483839 -73.7984 189.266 20.433 -1.40902 1.12674 -0.959161 0.859149
13070933443455  2542365862  46525  0.536259 0.741015 -0.404133 0.56245 -0.670727 -0.483504 -73.8155 189.281 20.4226 -1.4134 1.15827 -0.925439 0.86097
13070933443467  2542377709  46526  0.53649 0.74085 -0.404128 0.562489 -0.670911 -0.483202 -73.831 189.294 20.4132 -1.3766 1.14456 -0.879816 0.86298
13070933443480  2542389759  46527  0.536705 0.740697 -0.404122 0.562525 -0.671083 -0.482921 -73.8454 189.306 20.4044 -1.31353 1.10238 -0.826063 0.863885
13070933443490  2542401681  46528  0.537264 0.740262 -0.404177 0.56256 -0.671571 -0.482202 -73.8871 189.34 20.3838 -2.06872 1.69938 -1.14021 0.852201
13070933443515  2542425618  46529  0.538262 0.739435 -0.404364 0.562566 -0.672497 -0.480902 -73.9557 189.385 20.3541 -2.52666 1.79502 -1.19639 0.850107
13070933443530  2542437593  46530  0.538697 0.739074 -0.404444 0.562569 -0.6729 -0.480336 -73.9856 189.404 20.3412 -2.51581 1.73576 -1.15519 0.851808
13070933443539  2542449617  46531  0.539249 0.738616 -0.404545 0.562571 -0.673411 -0.479616 -74.0236 189.429 20.3248 -2.74075 1.84803 -1.22846 0.85322
13070933443556  2542461559  46532  0.539741 0.738207 -0.404635 0.562572 -0.673866 -0.478975 -74.0574 189.451 20.3102 -2.77287 1.84681 -1.22685 0.853937
13070933443562  2542473487  46533  0.54018 0.737862 -0.404679 0.562565 -0.674249 -0.478445 -74.0856 189.464 20.2975 -2.6313 1.58465 -1.16944 0.855743
13070933443585  2542485472  46534  0.540571 0.737554 -0.404718 0.562558 -0.67459 -0.477972 -74.1108 189.476 20.2862 -2.44631 1.37019 -1.09043 0.857436
13070933443588  2542497508  46535  0.540924 0.737277 -0.404752 0.562552 -0.674897 -0.477546 -74.1335 189.486 20.276 -2.25013 1.19522 -1.00501 0.858691
13070933443598  2542509481  46536  0.541242 0.737026 -0.404783 0.562546 -0.675173 -0.477161 -74.1539 189.495 20.2669 -2.06214 1.05374 -0.922332 0.851138
13070933443611  2542521487  46537  0.541533 0.736797 -0.404811 0.562541 -0.675426 -0.476809 -74.1726 189.504 20.2585 -1.88697 0.937144 -0.844826 0.850798
13070933443623  2542533432  46538  0.541799 0.736588 -0.404836 0.562536 -0.675657 -0.476488 -74.1897 189.512 20.2508 -1.72804 0.840612 -0.774221 0.843302
13070933443639  2542545378  46539  0.542043 0.736395 -0.404859 0.562531 -0.67587 -0.476193 -74.2054 189.519 20.2437 -1.58513 0.759526 -0.710551 0.84357
13070933443647  2542557366  46540  0.542354 0.736153 -0.404885 0.562525 -0.676137 -0.47582 -74.2244 189.53 20.2356 -1.58366 0.805366 -0.69902 0.845319
13070933443667  2542569292  46541  0.542639 0.735929 -0.404908 0.56252 -0.676383 -0.475476 -74.2418 189.54 20.2281 -1.54202 0.812189 -0.674094 0.845872
13070933443674  2542581297  46542  0.542903 0.735723 -0.404929 0.562515 -0.676609 -0.475159 -74.2579 189.549 20.2212 -1.4721 0.79268 -0.639483 0.847349
13070933443682  2542593391  46543  0.543146 0.735533 -0.404949 0.562511 -0.676818 -0.474868 -74.2728 189.557 20.2149 -1.38578 0.75707 -0.599449 0.847034
13070933443694  2542605290  46544  0.543344 0.735427 -0.404875 0.562509 -0.676931 -0.474708 -74.2803 189.559 20.2093 -1.12636 0.547486 -0.555087 0.837004
13070933443706  2542617172  46545  0.54353 0.735328 -0.404806 0.562508 -0.677037 -0.474559 -74.2874 189.561 20.2041 -0.942345 0.407096 -0.515352 0.839092
13070933443720  2542629200  46546  0.54368 0.735265 -0.404719 0.562494 -0.677101 -0.474483 -74.2906 189.56 20.2013 -0.705682 0.257874 -0.416428 0.840392
13070933443772  2542677170  46547  0.544068 0.735194 -0.404326 0.562567 -0.677166 -0.474305 -74.2949 189.545 20.1976 -0.201408 -0.218623 -0.137361 0.847304
13070933443780  2542689254  46548  0.544169 0.735178 -0.40422 0.562586 -0.67718 -0.474261 -74.296 189.541 20.1969 -0.163257 -0.267135 -0.111007 0.818811
13070933443789  2542700981  46549  0.544428 0.735151 -0.40392 0.562653 -0.6772 -0.474154 -74.2995 189.529 20.1971 -0.208405 -0.51342 -0.0663417 0.807879
13070933443802  2542713113  46550  0.544738 0.735116 -0.403564 0.562744 -0.677227 -0.474008 -74.3033 189.513 20.1988 -0.246532 -0.78719 0.00497209 0.814545
13070933443824  2542725123  46551  0.545066 0.73509 -0.403169 0.562852 -0.677244 -0.473855 -74.3071 189.494 20.2024 -0.270873 -1.07569 0.109985 0.820434
13070933443827  2542737054  46552  0.545372 0.735065 -0.402801 0.562953 -0.67726 -0.473712 -74.3106 189.476 20.2059 -0.27981 -1.22777 0.171426 0.825186
13070933443838  2542748997  46553  0.54569 0.735041 -0.402413 0.563075 -0.677275 -0.473545 -74.3145 189.455 20.2107 -0.295734 -1.39209 0.253296 0.829571
13070933443854  2542761037  46554  0.546002 0.735015 -0.402038 0.563209 -0.677295 -0.473358 -74.3192 189.436 20.2162 -0.328796 -1.48129 0.323541 0.833048
13070933443862  2542772970  46555  0.546287 0.73499 -0.401696 0.563331 -0.677312 -0.473187 -74.3235 189.418 20.2212 -0.339474 -1.49383 0.356495 0.836422
13070933443879  2542784956  46556  0.546491 0.734942 -0.401508 0.56339 -0.67736 -0.473049 -74.3292 189.413 20.2242 -0.387272 -1.09515 0.320666 0.797533
13070933443886  2542796916  46557  0.546705 0.734882 -0.401326 0.563442 -0.67742 -0.4729 -74.335 189.409 20.2278 -0.418914 -0.849933 0.313438 0.80618
13070933443909  2542808841  46558  0.547133 0.734848 -0.400804 0.563592 -0.677441 -0.472691 -74.4084 189.352 20.3014 -2.40704 -2.1961 2.34094 0.815714
13070933443911  2542820846  46559  0.54763 0.734734 -0.400334 0.563695 -0.67755 -0.472412 -74.4606 189.342 20.3252 -3.08225 -1.72946 2.21832 0.805905
13070933443922  2542832852  46560  0.548105 0.734553 -0.400016 0.563759 -0.677738 -0.472068 -74.501 189.336 20.3395 -3.18214 -1.31317 1.85981 0.810919
13070933443937  2542844844  46561  0.548528 0.734362 -0.399787 0.563837 -0.677939 -0.471685 -74.5357 189.331 20.3464 -3.08216 -0.994797 1.41322 0.815745
13070933443946  2542856754  46562  0.548904 0.734183 -0.3996 0.563941 -0.678133 -0.471282 -74.5656 189.324 20.3486 -2.88468 -0.841136 0.987097 0.817726
13070933443962  2542868848  46563  0.549405 0.733898 -0.399433 0.563889 -0.678433 -0.470911 -74.5905 189.313 20.3511 -2.59455 -0.884534 0.7133 0.823286
13070933443971  2542880820  46564  0.549815 0.733666 -0.399297 0.563847 -0.678679 -0.470608 -74.6097 189.305 20.3503 -2.24931 -0.793359 0.442231 0.823776
13070933443989  2542892746  46565  0.550167 0.733456 -0.399198 0.563735 -0.678898 -0.470426 -74.6254 189.296 20.3513 -1.92582 -0.768563 0.319051 0.828595
13070933443994  2542904638  46566  0.550349 0.733375 -0.399095 0.563644 -0.678976 -0.470422 -74.6316 189.288 20.3497 -1.44149 -0.754572 0.162183 0.822781
13070933444006  2542916617  46567  0.550551 0.733282 -0.398987 0.563521 -0.679066 -0.47044 -74.6343 189.274 20.3502 -1.01722 -0.900961 0.1198 0.828661
13070933444018  2542928586  46568  0.550767 0.733117 -0.398993 0.563435 -0.679242 -0.470288 -74.6383 189.259 20.3539 -0.781693 -1.01502 0.185613 0.833777
13070933444030  2542940559  46569  0.551046 0.73289 -0.399025 0.563321 -0.679485 -0.470074 -74.6401 189.239 20.36 -0.560076 -1.24526 0.296769 0.83772
13070933444042  2542952574  46570  0.551406 0.732606 -0.399049 0.563207 -0.679789 -0.469771 -74.6378 189.201 20.3693 -0.298998 -1.90933 0.463172 0.840546
13070933444055  2542964496  46571  0.552037 0.732151 -0.399011 0.562867 -0.680264 -0.469491 -74.6283 189.144 20.3819 0.08107 -2.89632 0.669565 0.846851
13070933444068  2542976530  46572  0.553054 0.731654 -0.398514 0.562223 -0.680744 -0.469567 -74.6057 189.027 20.3918 0.707689 -5.29798 0.722607 0.853295
13070933444078  2542988455  46573  0.55434 0.73118 -0.397596 0.561451 -0.681167 -0.469877 -74.5643 188.833 20.3985 1.66553 -9.08944 0.667784 0.859071
13070933444095  2543000552  46574  0.555405 0.730785 -0.396836 0.560809 -0.681518 -0.470135 -74.5299 188.672 20.4041 2.07647 -10.5563 0.595415 0.86367
13070933444102  2543012396  46575  0.55625 0.73058 -0.396028 0.560433 -0.681672 -0.470359 -74.4974 188.54 20.4156 2.30871 -10.7809 0.726417 0.774754
13070933444124  2543024372  46576  0.557013 0.730362 -0.395357 0.560107 -0.681851 -0.470489 -74.4706 188.431 20.4269 2.28197 -10.1835 0.802411 0.783602
13070933444127  2543036553  46577  0.558045 0.729946 -0.394671 0.55952 -0.682225 -0.470645 -74.4402 188.323 20.4437 2.35794 -9.7152 1.00461 0.797051
13070933444138  2543048310  46578  0.558975 0.729563 -0.394062 0.558977 -0.682567 -0.470794 -74.4116 188.228 20.4591 2.38506 -9.16745 1.10989 0.808432
13070933444150  2543060426  46579  0.559931 0.729078 -0.393602 0.558443 -0.683028 -0.470758 -74.3843 188.151 20.4771 2.33693 -8.17011 1.23936 0.817358
13070933444163  2543072471  46580  0.560717 0.728678 -0.393223 0.558004 -0.683408 -0.470729 -74.3619 188.088 20.4918 2.17038 -7.14462 1.2339 0.824902
13070933444176  2543084445  46581  0.561299 0.728425 -0.392862 0.557758 -0.683641 -0.470681 -74.3449 188.043 20.4997 1.91098 -5.9794 1.03373 0.811428
13070933444186  2543096342  46582  0.561816 0.728198 -0.392543 0.55755 -0.683852 -0.470621 -74.3296 188.007 20.506 1.69303 -4.95717 0.861443 0.811536
13070933444200  2543108365  46583  0.562276 0.727997 -0.392259 0.557365 -0.684039 -0.470569 -74.3161 187.975 20.5117 1.49584 -4.15668 0.725443 0.819824
13070933444211  2543120300  46584  0.562642 0.727884 -0.391944 0.557272 -0.684134 -0.470541 -74.3035 187.943 20.5149 1.34139 -3.64493 0.565937 0.82001
13070933444224  2543132321  46585  0.562919 0.727816 -0.391671 0.557243 -0.684187 -0.470497 -74.2921 187.915 20.5186 1.20465 -3.16595 0.477659 0.823006
13070933444235  2543144263  46586  0.563167 0.727756 -0.391426 0.557217 -0.684235 -0.470458 -74.2819 187.891 20.522 1.08311 -2.77678 0.409609 0.832981
13070933444252  2543156199  46587  0.56324 0.727744 -0.391344 0.557245 -0.684245 -0.470411 -74.2805 187.887 20.5226 0.750258 -1.93386 0.284831 0.794592
13070933444258  2543168198  46588  0.563265 0.727735 -0.391323 0.557255 -0.684254 -0.470387 -74.2805 187.886 20.5228 0.488724 -1.27857 0.191043 0.798704
13070933444281  2543180148  46589  0.563309 0.727714 -0.391299 0.557273 -0.684276 -0.470332 -74.2818 187.888 20.523 0.279456 -0.798884 0.130402 0.786775
13070933444284  2543192126  46590  0.563353 0.727694 -0.391274 0.557292 -0.684298 -0.470278 -74.2832 187.889 20.5232 0.142911 -0.485401 0.0906804 0.801129
13070933444294  2543204087  46591  0.563424 0.727665 -0.391225 0.557318 -0.684328 -0.470203 -74.2865 187.892 20.5228 -0.00381977 -0.223124 0.0482838 0.814892
13070933444309  2543216126  46592  0.563536 0.727617 -0.391152 0.557365 -0.684379 -0.470074 -74.2979 187.903 20.5195 -0.331284 0.177165 -0.064452 0.819839
13070933444320  2543228187  46593  0.563699 0.72751 -0.391118 0.557343 -0.684491 -0.469937 -74.3088 187.911 20.52 -0.530978 0.333751 -0.0258351 0.831913
13070933444340  2543240002  46594  0.563827 0.727421 -0.391098 0.557283 -0.684581 -0.469876 -74.3198 187.915 20.5243 -0.669284 0.342078 0.106042 0.837423
13070933444343  2543252024  46595  0.563928 0.727349 -0.391086 0.557235 -0.684655 -0.469826 -74.3286 187.912 20.5305 -0.6928 0.140129 0.251223 0.846272
13070933444355  2543264121  46596  0.564086 0.727196 -0.391144 0.55714 -0.684817 -0.469703 -74.3398 187.909 20.5414 -0.771861 0.00713988 0.478935 0.852903
13070933444367  2543275936  46597  0.564245 0.727038 -0.391208 0.557045 -0.684985 -0.469571 -74.3507 187.906 20.5522 -0.824149 -0.0796044 0.627403 0.858601
13070933444378  2543287898  46598  0.564452 0.726808 -0.391337 0.556939 -0.685233 -0.469334 -74.3625 187.897 20.5685 -0.880558 -0.32448 0.881647 0.86324
13070933444391  2543299931  46599  0.564675 0.7266 -0.391401 0.556848 -0.685455 -0.469118 -74.3735 187.886 20.58 -0.892447 -0.519506 0.907699 0.869797
13070933444402  2543311834  46600  0.564905 0.726435 -0.391374 0.556745 -0.685623 -0.468994 -74.3799 187.873 20.5845 -0.770892 -0.716519 0.72439 0.872342
13070933444416  2543323871  46601  0.565361 0.726153 -0.391241 0.556655 -0.685912 -0.468679 -74.3837 187.818 20.6046 -0.611255 -2.0681 1.05564 0.868718
13070933444426  2543335785  46602  0.565924 0.725806 -0.39107 0.55649 -0.686262 -0.468362 -74.3821 187.77 20.6107 -0.354906 -2.76216 0.868302 0.871199
13070933444441  2543347837  46603  0.566744 0.725361 -0.390708 0.556139 -0.68669 -0.468151 -74.3725 187.705 20.6221 0.0498837 -3.67776 0.893921 0.874159
13070933444450  2543359724  46604  0.567782 0.72481 -0.390222 0.55564 -0.687212 -0.467979 -74.3517 187.621 20.6412 0.636207 -4.83568 1.14114 0.875064
13070933444469  2543371844  46605  0.569116 0.724008 -0.389768 0.554882 -0.687982 -0.467746 -74.3306 187.546 20.66 1.02455 -5.32506 1.28373 0.876352
13070933444475  2543383867  46606  0.570897 0.722509 -0.389946 0.553453 -0.689484 -0.467228 -74.2744 187.433 20.7057 2.29799 -6.7368 2.16318 0.876623
13070933444495  2543395661  46607  0.572167 0.721649 -0.389678 0.551592 -0.690226 -0.468331 -73.9754 186.933 20.7857 10.212 -18.9785 3.74928 0.878914
13070933444499  2543407767  46608  0.572139 0.721469 -0.39005 0.550775 -0.690373 -0.469076 -73.3825 186.224 20.7638 23.8064 -32.8493 1.80099 0.86761
13070933444510  2543419591  46609  0.574067 0.719804 -0.390293 0.549237 -0.69203 -0.468437 -73.0651 185.922 20.6931 24.8496 -30.3335 -0.877572 0.869574
13070933444523  2543431614  46610  0.575842 0.718402 -0.390262 0.548142 -0.69342 -0.467663 -72.8812 185.772 20.6055 21.5204 -24.115 -3.11225 0.871968
13070933444535  2543443702  46611  0.577063 0.717434 -0.390239 0.547385 -0.694376 -0.467131 -72.7544 185.669 20.5452 17.6559 -18.6695 -3.7708 0.875014
13070933444549  2543455683  46612  0.578285 0.716422 -0.390289 0.5467 -0.695387 -0.466428 -72.6845 185.634 20.5004 13.5444 -13.1686 -3.75951 0.870335
13070933444559  2543467605  46613  0.579452 0.715442 -0.390357 0.546017 -0.696364 -0.465771 -72.6371 185.626 20.4653 10.2313 -8.85571 -3.47475 0.855967
13070933444575  2543479673  46614  0.580807 0.714299 -0.390436 0.545189 -0.697496 -0.465047 -72.5878 185.62 20.4239 8.07958 -5.91669 -3.46144 0.847732
13070933444582  2543491594  46615  0.582221 0.713085 -0.390549 0.544268 -0.698693 -0.464328 -72.5358 185.618 20.3828 6.79381 -3.92609 -3.45648 0.848516
13070933444604  2543503633  46616  0.583635 0.711802 -0.390779 0.543352 -0.699967 -0.463481 -72.484 185.626 20.3444 5.92235 -2.32371 -3.36341 0.841363
13070933444608  2543515517  46617  0.584915 0.710576 -0.391096 0.54249 -0.701189 -0.462643 -72.4432 185.64 20.3189 5.06384 -1.1133 -2.94263 0.824517
13070933444617  2543527471  46618  0.58607 0.709423 -0.39146 0.541698 -0.702342 -0.461821 -72.4097 185.657 20.2982 4.27804 -0.245205 -2.52216 0.794111
13070933444631  2543539505  46619  0.587271 0.708249 -0.391785 0.54084 -0.703503 -0.461059 -72.3688 185.668 20.2756 3.97076 0.157115 -2.29822 0.797626
13070933444642  2543551406  46620  0.589872 0.70445 -0.394717 0.538826 -0.707453 -0.457359 -72.2371 185.833 20.2681 6.42664 4.91495 -1.71903 0.79868
13070933444656  2543563439  46621  0.591514 0.702185 -0.396291 0.537508 -0.709763 -0.455326 -72.1121 185.877 20.2526 7.80718 4.45171 -1.56955 0.802523
13070933444666  2543575558  46622  0.593457 0.700509 -0.396353 0.535215 -0.711258 -0.455694 -71.9729 185.825 20.2372 9.09884 1.39723 -1.46519 0.812707
13070933444685  2543587345  46623  0.595316 0.699016 -0.396202 0.533001 -0.712546 -0.456276 -71.8471 185.768 20.2301 9.63933 -0.737841 -1.16923 0.820679
13070933444690  2543599356  46624  0.597349 0.697058 -0.396591 0.530638 -0.714321 -0.456256 -71.7332 185.769 20.2371 9.58648 -0.44611 -0.558261 0.828991
13070933444711  2543611281  46625  0.599011 0.695411 -0.396974 0.528957 -0.715839 -0.455827 -71.654 185.741 20.2475 8.56362 -1.12558 -0.0624765 0.841005
13070933444715  2543623273  46626  0.601236 0.693548 -0.396871 0.527069 -0.717506 -0.455394 -71.5678 185.579 20.2649 8.0866 -5.41589 0.464972 0.850857
13070933444725  2543635239  46627  0.602856 0.69232 -0.396556 0.525873 -0.718583 -0.455078 -71.4828 185.376 20.3058 7.74508 -9.43952 1.49077 0.852153
13070933444740  2543647257  46628  0.605466 0.690646 -0.395498 0.523679 -0.719926 -0.455486 -71.3603 185.025 20.3579 8.59737 -16.3392 2.48068 0.860097
13070933444750  2543659162  46629  0.608009 0.688777 -0.394855 0.52177 -0.721515 -0.455161 -71.2399 184.746 20.3801 9.1228 -18.783 2.26758 0.864593
13070933444765  2543671219  46630  0.610155 0.687271 -0.394169 0.520228 -0.722772 -0.454931 -71.1266 184.523 20.3983 9.2174 -18.696 2.0035 0.865685
13070933444774  2543683109  46631  0.611736 0.685822 -0.394242 0.519332 -0.724111 -0.453825 -70.9659 184.339 20.3877 10.7052 -17.569 1.00249 0.866601
13070933444790  2543695093  46632  0.613733 0.684063 -0.394195 0.517928 -0.725679 -0.452925 -70.8325 184.192 20.3928 10.8521 -15.7334 0.801935 0.868776
13070933444798  2543707062  46633  0.616025 0.681982 -0.394225 0.516397 -0.727547 -0.451674 -70.7245 184.081 20.3594 10.2163 -13.4956 -0.445123 0.873883
13070933444819  2543719071  46634  0.618442 0.679781 -0.394244 0.514592 -0.729488 -0.450601 -70.4969 183.681 20.3181 13.2602 -20.3861 -1.48859 0.877728
13070933444824  2543731507  46635  0.620565 0.677096 -0.395524 0.512806 -0.732009 -0.448547 -70.3412 183.445 20.311 12.9944 -19.8847 -1.16129 0.875476
13070933444835  2543743001  46636  0.622534 0.674616 -0.396666 0.511128 -0.734315 -0.446687 -70.2404 183.279 20.307 11.5738 -18.0388 -0.886283 0.87939
13070933444847  2543755007  46637  0.624526 0.672006 -0.397964 0.509767 -0.736787 -0.444165 -70.1411 182.987 20.2708 10.4255 -20.2513 -1.62885 0.886469
13070933444859  2543766972  46638  0.626144 0.67011 -0.398618 0.508482 -0.738509 -0.442776 -70.0071 182.397 20.1932 10.6933 -30.3284 -3.31566 0.892552
13070933444872  2543779061  46639  0.626999 0.66911 -0.398954 0.506873 -0.739294 -0.44331 -69.9234 181.973 20.1407 9.37393 -31.9907 -3.67578 0.896635
13070933444883  2543790891  46640  0.627556 0.668589 -0.398952 0.505676 -0.73964 -0.4441 -69.8979 181.673 20.0812 6.88706 -29.7193 -4.14117 0.902351
13070933444899  2543802994  46641  0.628043 0.667859 -0.399407 0.50434 -0.740206 -0.444676 -69.8886 181.522 20.0407 4.74164 -23.6629 -3.86128 0.904631
13070933444908  2543814945  46642  0.628433 0.667003 -0.400225 0.503901 -0.741044 -0.443777 -69.9247 181.482 20.0132 2.0487 -16.6025 -3.32235 0.879371
13070933444919  2543826946  46643  0.629223 0.665641 -0.401249 0.50305 -0.742326 -0.442598 -69.9787 181.49 19.9545 -0.231088 -10.5942 -3.86873 0.888125
13070933444934  2543838902  46644  0.629867 0.664418 -0.402264 0.502219 -0.743473 -0.441615 -70.0176 181.476 19.8857 -1.28179 -7.33642 -4.52081 0.894819
13070933444944  2543850866  46645  0.631299 0.6621 -0.403838 0.501007 -0.745652 -0.439313 -70.0036 181.513 19.6324 -0.42977 -3.6999 -10.3049 0.898388
13070933444961  2543862819  46646  0.632494 0.660158 -0.405144 0.49999 -0.747465 -0.437386 -69.9919 181.545 19.4209 0.0591859 -1.50672 -12.8712 0.899496
13070933444967  2543874889  46647  0.63336 0.658551 -0.406405 0.498965 -0.74895 -0.436013 -69.997 181.568 19.2613 -0.108261 -0.297146 -12.9928 0.900661
13070933444989  2543886836  46648  0.636521 0.654844 -0.407457 0.495101 -0.752009 -0.435153 -70.1307 181.774 19.0552 -3.95315 5.78647 -14.4725 0.770852
13070933444993  2543898831  46649  0.644486 0.646133 -0.40884 0.484112 -0.758697 -0.435906 -70.4076 182.484 18.8231 -10.6143 24.3667 -16.169 0.695921
13070933445003  2543910720  46650  0.651853 0.637985 -0.409955 0.473401 -0.764659 -0.437252 -70.6768 183.121 18.6438 -14.7711 34.4753 -15.7916 0.660218
13070933445018  2543922784  46651  0.657641 0.631451 -0.410826 0.464641 -0.769256 -0.438582 -70.9221 183.643 18.4967 -16.7158 37.5555 -14.5338 0.661976
13070933445028  2543934676  46652  0.662651 0.625818 -0.411393 0.456128 -0.77292 -0.44107 -71.1842 184.136 18.4093 -18.5549 38.8812 -12.0498 0.636238
13070933445045  2543946661  46653  0.662639 0.625598 -0.411748 0.455804 -0.773101 -0.441087 -71.262 184.113 18.3516 -14.3603 24.702 -9.53466 0.666474
13070933445051  2543958617  46654  0.661378 0.626982 -0.41167 0.456803 -0.77203 -0.441929 -71.3144 183.957 18.262 -10.8956 11.5891 -8.82607 0.693587
13070933445070  2543970648  46655  0.65992 0.628556 -0.41161 0.45833 -0.770878 -0.442358 -71.4039 183.803 18.144 -9.68958 3.08128 -9.16748 0.718194
13070933445078  2543982596  46656  0.658775 0.629787 -0.411563 0.459524 -0.769974 -0.442695 -71.4741 183.682 18.0516 -8.36495 -1.49215 -8.67186 0.741178
13070933445088  2543994534  46657  0.657911 0.630712 -0.411528 0.460446 -0.769296 -0.442914 -71.5687 183.594 17.9316 -8.21431 -3.52409 -9.14919 0.760792
13070933445102  2544006500  46658  0.657319 0.63129 -0.411588 0.461221 -0.768915 -0.44277 -71.6737 183.508 17.8154 -8.4088 -4.81232 -9.34543 0.781101
13070933445113  2544018787  46659  0.657439 0.630451 -0.41268 0.461268 -0.7698 -0.441179 -71.7852 183.535 17.6836 -8.64376 -2.31313 -9.83502 0.801103
13070933445126  2544030455  46660  0.657187 0.629954 -0.41384 0.461582 -0.770428 -0.439754 -71.8612 183.574 17.574 -7.92067 -0.392216 -9.6857 0.807217
13070933445137  2544042497  46661  0.656572 0.629772 -0.415089 0.461547 -0.77072 -0.439277 -71.8486 183.581 17.5194 -4.78785 -0.058491 -7.88651 0.809183
13070933445154  2544054465  46662  0.655871 0.629671 -0.416351 0.461682 -0.770969 -0.438699 -71.8548 183.59 17.431 -3.30425 0.224094 -7.71085 0.727109
13070933445160  2544066389  46663  0.655189 0.629487 -0.417701 0.461806 -0.771295 -0.437994 -71.8614 183.61 17.316 -2.35156 0.73436 -8.38276 0.677959
13070933445178  2544078426  46664  0.653093 0.629534 -0.420899 0.462113 -0.771631 -0.437077 -71.7252 183.659 17.1867 2.419 1.90197 -9.20539 0.545169
13070933445185  2544090341  46665  0.650963 0.62949 -0.424251 0.462343 -0.772038 -0.436115 -71.5841 183.733 16.9987 5.6806 3.39111 -11.4807 0.540236
13070933445204  2544102328  46666  0.643256 0.633069 -0.430634 0.465295 -0.76989 -0.436773 -70.9555 183.711 16.7956 21.9489 1.56847 -13.3819 0.370629
13070933445208  2544114412  46667  0.637705 0.635604 -0.435132 0.467596 -0.76834 -0.437044 -70.5705 183.735 16.5641 25.4174 1.72643 -15.4035 0.383477
13070933445219  2544126225  46668  0.633421 0.638518 -0.437118 0.469811 -0.766199 -0.438425 -70.2413 183.658 16.3007 26.261 -1.12037 -17.7745 0.390368
13070933445232  2544138398  46669  0.630447 0.640964 -0.437838 0.471331 -0.764268 -0.440161 -70.0006 183.594 16.0497 23.9751 -2.57196 -18.7747 0.391535
13070933445243  2544150336  46670  0.624909 0.645395 -0.439266 0.474074 -0.760746 -0.443305 -69.5914 183.406 15.8749 27.5479 -7.16265 -17.3433 0.347801
13070933445280  2544186418  46671  0.612974 0.653269 -0.444412 0.479807 -0.754657 -0.447525 -68.3978 182.853 15.1679 31.553 -13.0641 -18.9716 0.37277
13070933445289  2544198251  46672  0.609955 0.655458 -0.445342 0.481312 -0.752888 -0.448886 -68.0661 182.741 15.0238 30.3395 -11.8104 -16.6326 0.334877
13070933445305  2544210177  46673  0.60672 0.657926 -0.446121 0.482823 -0.750842 -0.450686 -67.7209 182.634 14.849 29.8562 -10.8447 -15.9503 0.336323
13070933445313  2544222170  46674  0.604005 0.659999 -0.446743 0.484035 -0.749106 -0.452273 -67.4418 182.55 14.6959 27.5661 -9.50956 -14.8424 0.339014
13070933445331  2544234175  46675  0.601175 0.662635 -0.446659 0.485108 -0.746784 -0.454955 -67.2274 182.451 14.5257 24.185 -9.06311 -14.61 0.352517
13070933445339  2544246156  46676  0.596528 0.665829 -0.448137 0.486107 -0.74403 -0.458388 -66.8411 182.417 14.3734 26.9878 -6.90576 -13.9503 0.35947
13070933445360  2544258146  46677  0.589091 0.669758 -0.452101 0.486556 -0.740689 -0.463296 -66.1664 182.528 14.2655 37.1775 -1.25925 -12.2268 0.359512
13070933445363  2544270156  46678  0.583434 0.672553 -0.455277 0.48654 -0.738287 -0.46713 -65.6381 182.622 14.2144 39.5498 1.88946 -9.45013 0.325713
13070933445375  2544282065  46679  0.57988 0.673589 -0.458276 0.48247 -0.737188 -0.47305 -65.2816 182.93 14.1897 36.2224 10.1849 -6.89557 0.330141
13070933445388  2544294192  46680  0.556905 0.671402 -0.488954 0.466868 -0.739935 -0.484283 -60.7857 183.824 12.8894 153.685 32.4996 -42.1259 0.234358
13070933445398  2544306035  46681  0.552139 0.670848 -0.495081 0.463751 -0.740573 -0.486298 -59.5135 184.255 11.851 137.746 33.8349 -57.8221 0.244525
13070933445414  2544318010  46682  0.55068 0.670965 -0.496545 0.462835 -0.740487 -0.487301 -59.1533 184.337 11.5131 100.317 24.4733 -47.5294 0.250668
13070933445425  2544329920  46683  0.556385 0.673076 -0.487241 0.464728 -0.738163 -0.489023 -60.3063 184.073 11.3499 32.0933 8.32546 -35.8211 0.307147
13070933445443  2544341883  46684  0.556499 0.676105 -0.482898 0.464471 -0.735068 -0.493904 -60.9028 183.792 11.3795 3.62585 -2.73394 -22.5212 0.329413
13070933445447  2544353907  46685  0.555625 0.676981 -0.482678 0.463974 -0.7342 -0.49566 -61.0925 183.694 11.3792 -3.14031 -4.61935 -14.6759 0.345027
13070933445468  2544365808  46686  0.555245 0.677315 -0.482646 0.463565 -0.733855 -0.496553 -61.1959 183.638 11.3945 -5.05948 -4.6441 -9.15331 0.345355
13070933445471  2544377890  46687  0.55482 0.677545 -0.482812 0.463046 -0.733612 -0.497395 -61.2858 183.583 11.397 -5.89109 -4.61683 -5.87716 0.342789
13070933445483  2544389790  46688  0.545703 0.678513 -0.49176 0.452381 -0.732516 -0.508696 -59.9437 183.359 10.9767 35.151 -9.52532 -16.0606 0.256952
13070933445498  2544401848  46689  0.542745 0.679585 -0.49355 0.448688 -0.731355 -0.513614 -59.5548 183.214 10.627 34.1393 -10.4128 -20.5837 0.26633
13070933445506  2544413762  46690  0.540862 0.680439 -0.49444 0.447139 -0.730498 -0.516178 -59.3849 183.13 10.4905 27.2577 -9.25658 -17.4256 0.269849
13070933445522  2544425719  46691  0.539434 0.681104 -0.495084 0.446152 -0.729845 -0.517953 -59.2963 183.064 10.393 20.3673 -7.95241 -14.2066 0.279272
13070933445530  2544437660  46692  0.538199 0.681665 -0.495656 0.44539 -0.729301 -0.519373 -59.2416 183.024 10.3145 14.8901 -6.35191 -11.5586 0.28094
13070933445550  2544449626  46693  0.537153 0.682078 -0.496222 0.444765 -0.728906 -0.520461 -59.2165 183.002 10.2526 10.4459 -4.77995 -9.3406 0.283315
13070933445555  2544461696  46694  0.535612 0.682463 -0.497357 0.444086 -0.728579 -0.521498 -59.1846 182.989 10.1777 7.71808 -3.49799 -8.24175 0.287366
13070933445576  2544473794  46695  0.529488 0.683566 -0.502374 0.441118 -0.727699 -0.525233 -58.8189 182.979 10.1526 15.6068 -2.55021 -6.08264 0.197702
13070933445580  2544485783  46696  0.526834 0.684039 -0.504517 0.440173 -0.727346 -0.526513 -58.7759 183.023 9.93805 11.4243 -0.387252 -10.192 0.216579
13070933445591  2544497685  46697  0.520306 0.675105 -0.522986 0.426912 -0.736019 -0.525378 -57.4334 183.587 9.06299 46.4904 16.136 -32.0986 0.22117
13070933445604  2544509567  46698  0.519291 0.66864 -0.53222 0.422112 -0.742183 -0.520563 -57.0282 184.059 8.23781 42.2116 24.3022 -45.0008 0.233169
13070933445616  2544521670  46699  0.520646 0.663888 -0.536825 0.419472 -0.746555 -0.516429 -56.9905 184.371 7.71852 28.5036 24.809 -44.2663 0.245292
13070933445629  2544533622  46700  0.524576 0.661443 -0.536016 0.419974 -0.748707 -0.512893 -57.424 184.445 7.23208 6.02302 18.3346 -43.0284 0.28113
13070933445640  2544546346  46701  0.527307 0.659627 -0.535574 0.420397 -0.750311 -0.510195 -57.7959 184.517 6.83629 -6.83868 13.7293 -38.6789 0.292162
13070933445658  2544557594  46702  0.528922 0.658552 -0.535304 0.420642 -0.751257 -0.508599 -58.0161 184.56 6.602 -11.0478 10.4559 -32.7801 0.299128
13070933445664  2544569547  46703  0.5301 0.659196 -0.533343 0.422277 -0.750675 -0.508104 -58.4175 184.533 6.39306 -18.8682 6.01804 -27.4692 0.305356
13070933445682  2544581543  46704  0.530484 0.660469 -0.531383 0.424468 -0.74957 -0.50791 -58.8359 184.469 6.22487 -24.4422 2.07837 -22.7877 0.310741
13070933445698  2544605463  46705  0.530082 0.661609 -0.530364 0.426403 -0.748616 -0.507695 -59.714 184.385 5.88396 -31.4829 -1.13797 -17.889 0.331378
13070933445711  2544617448  46706  0.529733 0.6619 -0.530349 0.427178 -0.748402 -0.507358 -60.1083 184.387 5.74589 -31.9763 -0.677789 -15.6734 0.32216
13070933445722  2544629409  46707  0.528808 0.6608 -0.53264 0.427156 -0.749499 -0.505755 -60.665 184.639 5.58366 -37.0334 6.8786 -14.9407 0.330126
13070933445736  2544641436  46708  0.528745 0.657157 -0.53719 0.426005 -0.752873 -0.501699 -61.271 185.02 5.42995 -41.6912 15.5195 -14.187 0.334287
13070933445746  2544653371  46709  0.528592 0.654419 -0.540672 0.424859 -0.755367 -0.498915 -61.7378 185.308 5.31488 -40.798 18.504 -12.6112 0.334959
13070933445762  2544665285  46710  0.527788 0.651354 -0.545141 0.4233 -0.758139 -0.496026 -62.2028 185.736 5.14062 -40.1863 24.5331 -13.3088 0.3359
13070933445770  2544677316  46711  0.531146 0.644282 -0.550259 0.413826 -0.763976 -0.495065 -62.8742 186.482 4.99777 -45.6358 37.6289 -12.808 0.332779
13070933445790  2544689216  46712  0.533007 0.640489 -0.552882 0.407325 -0.766973 -0.495821 -63.6555 187.267 5.02949 -52.5607 47.4212 -7.45644 0.24665
13070933445794  2544701237  46713  0.533133 0.640848 -0.552343 0.404335 -0.766479 -0.499023 -64.4108 187.787 5.02303 -56.14 45.9849 -5.04368 0.252951
13070933445815  2544713226  46714  0.533327 0.641519 -0.551376 0.401051 -0.765661 -0.502913 -64.959 188.132 5.18282 -52.5184 39.972 1.34859 0.241929
13070933445818  2544725213  46715  0.533203 0.641887 -0.551068 0.398245 -0.765148 -0.505914 -65.4784 188.378 5.28538 -49.3223 33.2048 3.85577 0.247826
13070933445830  2544737145  46716  0.533111 0.641813 -0.551242 0.39628 -0.765087 -0.507547 -65.9209 188.6 5.35418 -45.0809 28.1448 4.51791 0.249736
13070933445844  2544749161  46717  0.531156 0.643289 -0.55141 0.398061 -0.763973 -0.507831 -66.1976 188.566 5.25 -37.3915 17.3464 -0.0788064 0.259426
13070933445855  2544761130  46718  0.527773 0.645757 -0.551774 0.400483 -0.762061 -0.508799 -66.3209 188.468 5.10653 -27.9785 8.50102 -4.21675 0.27242
13070933445874  2544773068  46719  0.524229 0.647944 -0.552587 0.403387 -0.760421 -0.508958 -66.4619 188.396 4.92317 -22.3746 3.45303 -8.08046 0.28548
13070933445879  2544785047  46720  0.519246 0.650037 -0.554829 0.404979 -0.758841 -0.510051 -66.4657 188.339 4.72524 -14.7033 0.582387 -11.0159 0.291006
13070933445892  2544797009  46721  0.493924 0.651037 -0.576359 0.400469 -0.758698 -0.513811 -64.649 188.241 3.68401 43.1483 -2.46165 -37.4215 0.27761
13070933445904  2544808987  46722  0.482623 0.652835 -0.583851 0.403913 -0.757409 -0.513017 -64.2585 188.39 2.91203 39.4824 2.72029 -46.8189 0.286663
13070933445914  2544820977  46723  0.476619 0.65262 -0.589001 0.40412 -0.75766 -0.512483 -64.0048 188.435 2.56898 33.1076 3.09655 -40.4834 0.2871
13070933445929  2544833057  46724  0.472824 0.652415 -0.592277 0.404337 -0.757858 -0.51202 -63.9 188.454 2.36631 24.5532 2.54379 -32.185 0.287786
13070933445938  2544844874  46725  0.470081 0.651996 -0.594916 0.404334 -0.758223 -0.511481 -63.8432 188.462 2.19589 17.7635 1.89721 -26.0756 0.290548
13070933445956  2544857067  46726  0.467431 0.651434 -0.597613 0.404066 -0.758701 -0.510983 -63.8124 188.465 2.0074 12.3884 1.31742 -22.3315 0.291298
13070933445963  2544868923  46727  0.464437 0.651011 -0.600403 0.403759 -0.759051 -0.510706 -63.8398 188.489 1.74912 7.31932 1.57346 -22.143 0.296847
13070933445984  2544880912  46728  0.461052 0.650198 -0.603883 0.402607 -0.759726 -0.510611 -63.7547 188.465 1.58071 7.24287 0.338933 -19.3261 0.30081
13070933445987  2544892887  46729  0.454417 0.649237 -0.609915 0.399899 -0.7605 -0.511586 -63.4942 188.584 1.27875 12.2867 3.66022 -21.3736 0.228917
13070933446000  2544904848  46730  0.431866 0.641941 -0.633564 0.385747 -0.766422 -0.513612 -61.3821 189.001 -0.0688843 69.3456 14.5155 -53.0792 0.234903
13070933446012  2544916843  46731  0.361387 0.590852 -0.721313 0.322218 -0.805074 -0.498028 -53.8152 190.08 -2.13601 264.789 40.7633 -94.5887 0.119947
13070933446024  2544928822  46732  0.284625 0.507254 -0.813439 0.251632 -0.858313 -0.447191 -45.1381 191.279 -6.64527 424.585 61.4025 -192.587 0.0767149
13070933446037  2544940834  46733  0.243648 0.464887 -0.851185 0.225501 -0.880736 -0.416478 -41.3105 191.915 -9.92214 387.669 58.4399 -220.539 0.0773893
13070933446046  2544952732  46734  0.219586 0.439888 -0.870793 0.205283 -0.893428 -0.399556 -38.2708 192.3 -13.5288 341.955 49.431 -249.102 0.0791224
13070933446062  2544964740  46735  0.229689 0.424843 -0.875644 0.199991 -0.901101 -0.384735 -35.2818 193.025 -15.5142 309.541 53.2465 -219.92 0.0535238
13070933446071  2544976677  46736  0.270817 0.394713 -0.877986 0.197904 -0.915416 -0.350496 -27.6053 192.958 -19.7591 425.192 32.8411 -266.967 0.0475247
13070933446090  2544988658  46737  0.310302 0.372096 -0.87479 0.200878 -0.9251 -0.32224 -21.2662 192.402 -23.0326 461.325 5.27458 -269.144 0.0447731
13070933446094  2545000665  46738  0.333618 0.361096 -0.870809 0.198133 -0.929957 -0.309715 -18.2915 192.125 -25.7937 386.922 -4.59063 -255.491 0.0457314
13070933446105  2545012588  46739  0.327679 0.361714 -0.872806 0.182157 -0.930665 -0.317304 -16.7264 191.866 -28.776 298.363 -10.5384 -253.635 0.0470553
13070933446117  2545024665  46740  0.32533 0.362009 -0.873562 0.175829 -0.930864 -0.320274 -16.1082 191.764 -29.954 211.856 -9.81998 -199.005 0.0477558
13070933446129  2545036590  46741  0.321698 0.362972 -0.874506 0.170335 -0.93072 -0.323645 -16.2682 191.641 -30.6258 133.812 -9.96583 -149.577 0.048433
13070933446143  2545048596  46742  0.319736 0.360972 -0.876053 0.163711 -0.931728 -0.324163 -16.3664 191.708 -30.8351 84.3512 -4.55282 -103.546 0.0496392
13070933446154  2545060505  46743  0.311403 0.362109 -0.878581 0.152307 -0.931618 -0.329985 -16.5997 191.521 -31.5753 48.378 -8.41614 -89.2209 0.0503553
13070933446172  2545072429  46744  0.30528 0.363056 -0.880338 0.143911 -0.931441 -0.334226 -16.7708 191.384 -32.1179 26.6484 -9.48692 -74.0775 0.0511218
13070933446180  2545084472  46745  0.249197 0.327449 -0.911415 0.0968956 -0.944812 -0.312955 -23.9822 189.825 -35.9108 -191.755 -51.3827 -158.186 0.0602265
13070933446189  2545096409  46746  0.223599 0.312916 -0.923086 0.0778797 -0.949772 -0.303097 -27.0941 189.152 -37.5475 -215.658 -53.1098 -150.88 0.0602524
